0 288
0 827
0 1024
0 724
171 0
376 0
2 1006
2 872
249 2
436 2
532 2
634 2
3 1031
3 894
215 3
362 3
487 3
488 3
609 3
628 3
676 3
4 819
4 889
105 4
202 4
214 4
339 4
340 4
341 4
360 4
566 4
5 779
5 1005
214 5
254 5
257 5
543 5
6 884
6 971
167 6
214 6
491 6
682 6
7 990
8 880
8 946
8 950
8 882
46 8
55 8
120 8
138 8
139 8
209 8
210 8
211 8
234 8
235 8
236 8
266 8
274 8
320 8
321 8
327 8
368 8
384 8
386 8
410 8
411 8
413 8
419 8
429 8
433 8
451 8
537 8
552 8
562 8
592 8
622 8
650 8
653 8
654 8
690 8
9 944
109 9
142 9
205 9
211 9
212 9
226 9
320 9
326 9
328 9
329 9
360 9
563 9
564 9
565 9
691 9
102 10
108 10
142 10
211 10
212 10
226 10
234 10
236 10
320 10
326 10
564 10
565 10
580 10
648 10
11 879
11 880
108 11
139 11
226 11
326 11
405 11
411 11
517 11
562 11
690 11
12 947
12 887
12 847
12 306
12 846
12 941
12 946
12 804
12 848
12 806
12 948
348 12
465 12
13 848
13 849
319 13
465 13
651 13
14 1007
14 822
14 869
14 1009
14 930
14 953
91 14
103 14
221 14
247 14
344 14
370 14
15 903
15 768
15 918
15 868
15 869
15 901
15 761
15 930
15 848
15 784
115 15
169 15
172 15
222 15
319 15
526 15
627 15
16 799
16 847
16 859
16 848
16 849
212 16
216 16
329 16
464 16
616 16
17 946
17 807
17 1004
17 806
134 17
418 17
585 17
18 847
18 846
18 806
133 18
134 18
319 18
329 18
463 18
19 947
19 847
19 846
19 808
19 946
19 859
19 308
19 806
19 309
133 19
426 19
464 19
650 19
20 939
20 813
20 814
20 1021
20 756
161 20
162 20
229 20
230 20
365 20
415 20
416 20
417 20
458 20
461 20
532 20
614 20
21 1020
21 921
21 920
21 922
21 887
21 815
21 884
21 1022
21 919
21 890
21 885
21 817
21 1004
21 756
160 21
399 21
459 21
545 21
547 21
604 21
614 21
634 21
22 921
22 815
22 919
22 770
88 22
96 22
163 22
164 22
634 22
645 22
646 22
647 22
23 769
23 984
23 898
23 770
23 290
23 797
23 841
89 23
91 23
98 23
99 23
181 23
182 23
263 23
271 23
351 23
358 23
367 23
381 23
390 23
397 23
398 23
400 23
401 23
503 23
509 23
510 23
531 23
567 23
597 23
598 23
672 23
673 23
691 23
24 1014
353 24
593 24
25 311
25 994
26 907
26 963
26 906
26 773
26 908
26 312
240 26
270 26
389 26
556 26
28 939
28 813
28 814
28 938
28 937
28 1004
29 28
149 28
150 28
162 28
230 28
331 28
367 28
462 28
506 28
577 28
585 28
29 775
29 939
29 28
29 813
29 814
29 1035
29 774
29 1004
149 29
150 29
162 29
229 29
230 29
331 29
367 29
437 29
441 29
462 29
506 29
548 29
577 29
585 29
30 939
30 813
30 1003
30 814
30 778
30 891
30 1035
30 938
30 970
30 937
30 969
30 817
30 1002
30 1005
30 1004
30 756
149 30
150 30
151 30
161 30
162 30
229 30
230 30
232 30
365 30
383 30
411 30
415 30
416 30
417 30
433 30
460 30
462 30
533 30
534 30
613 30
615 30
679 30
681 30
31 939
31 814
31 885
149 31
150 31
161 31
162 31
229 31
230 31
333 31
415 31
458 31
459 31
571 31
583 31
612 31
614 31
615 31
681 31
32 1046
32 753
95 32
177 32
342 32
344 32
601 32
33 986
33 704
33 701
33 959
33 911
33 912
33 960
33 958
95 33
125 33
171 33
185 33
190 33
245 33
246 33
247 33
248 33
343 33
344 33
345 33
393 33
602 33
34 986
34 892
34 947
34 295
34 710
34 875
34 966
179 34
185 34
194 34
195 34
212 34
343 34
395 34
432 34
446 34
581 34
644 34
35 903
35 297
35 829
35 727
35 1057
35 298
179 35
185 35
187 35
221 35
222 35
245 35
252 35
260 35
445 35
36 907
36 962
36 748
36 864
36 812
36 897
36 961
36 906
36 908
36 926
36 905
36 909
36 978
36 1054
240 36
689 36
37 771
37 964
37 1022
37 905
37 899
37 774
120 37
122 37
173 37
174 37
239 37
325 37
423 37
424 37
440 37
493 37
494 37
548 37
554 37
555 37
576 37
577 37
607 37
637 37
694 37
38 907
38 962
38 771
38 42
38 906
38 908
38 905
38 909
42 38
89 38
98 38
120 38
122 38
173 38
174 38
175 38
240 38
271 38
325 38
439 38
503 38
556 38
687 38
39 907
39 962
39 746
39 906
39 908
39 926
122 39
158 39
240 39
322 39
598 39
693 39
558 40
41 897
41 906
41 908
41 905
41 807
90 41
91 41
98 41
130 41
238 41
271 41
325 41
350 41
442 41
503 41
511 41
597 41
606 41
42 923
42 907
42 962
42 38
42 961
42 906
42 908
38 42
120 42
121 42
122 42
173 42
174 42
175 42
176 42
240 42
322 42
325 42
423 42
439 42
574 42
176 43
438 43
530 43
44 943
44 708
277 44
418 44
421 44
428 44
565 44
45 879
45 708
45 941
45 747
403 45
565 45
46 8
46 879
46 951
46 861
46 807
141 46
47 858
47 982
47 879
47 1015
47 793
77 47
108 47
226 47
275 47
510 47
585 47
585 47
640 47
652 47
660 47
48 819
48 1018
48 969
112 48
336 48
361 48
487 48
500 48
520 48
523 48
528 48
682 48
49 1026
49 893
49 833
49 805
214 49
257 49
263 49
360 49
375 49
457 49
515 49
50 833
96 50
51 1050
51 894
51 993
51 990
99 51
182 51
264 51
350 51
358 51
373 51
397 51
400 51
408 51
507 51
601 51
52 888
52 819
52 887
52 778
115 52
216 52
408 52
626 52
53 769
53 831
53 729
53 1050
53 1030
53 1029
53 783
53 957
53 993
53 890
53 990
53 950
53 967
98 53
99 53
181 53
182 53
216 53
262 53
263 53
264 53
265 53
271 53
358 53
389 53
398 53
400 53
401 53
408 53
490 53
503 53
507 53
530 53
611 53
54 1031
54 908
54 890
361 54
528 54
568 54
669 54
55 8
55 768
55 881
55 56
55 1030
55 1029
55 951
55 840
55 859
56 55
139 55
141 55
210 55
318 55
368 55
369 55
413 55
420 55
452 55
471 55
479 55
486 55
516 55
517 55
591 55
594 55
56 881
56 951
56 859
56 55
56 882
55 56
139 56
141 56
210 56
212 56
318 56
368 56
369 56
413 56
420 56
452 56
471 56
479 56
486 56
516 56
591 56
594 56
648 56
57 973
57 943
57 1018
57 880
57 1051
130 57
139 57
275 57
277 57
336 57
368 57
467 57
58 883
116 58
208 58
211 58
266 58
276 58
356 58
360 58
371 58
385 58
412 58
413 58
420 58
452 58
479 58
482 58
517 58
59 767
59 791
60 823
60 768
60 901
60 824
60 722
130 60
369 60
61 881
61 924
61 1011
442 61
464 61
551 61
62 858
62 901
62 1067
62 784
125 62
205 62
404 62
405 62
442 62
68 951
68 758
68 882
68 71
217 68
218 68
219 68
356 68
69 835
69 759
69 913
393 69
677 69
119 70
472 70
71 881
71 880
71 1008
71 951
71 1024
71 882
68 71
77 71
140 71
217 71
219 71
355 71
356 71
429 71
480 71
481 71
522 71
72 893
72 763
72 806
73 1026
73 1025
73 827
73 1024
73 74
73 800
73 935
74 73
220 73
430 73
431 73
74 1058
74 1026
74 73
74 1059
74 1027
74 1025
74 1024
74 800
74 828
74 1071
73 74
431 74
75 780
75 791
144 75
145 75
602 75
76 787
77 76
357 76
640 76
642 76
77 76
77 858
77 982
77 1015
77 934
77 951
77 793
77 787
77 71
77 47
219 77
357 77
469 77
470 77
559 77
640 77
78 786
78 785
78 869
78 902
108 78
128 78
235 78
243 78
384 78
386 78
79 799
79 766
79 768
79 918
79 868
79 951
79 767
79 869
79 987
79 821
79 761
79 960
79 784
172 79
222 79
252 79
524 79
525 79
526 79
626 79
627 79
664 79
80 892
80 945
80 942
80 893
80 894
80 856
81 947
81 893
81 955
81 894
81 805
81 954
81 804
685 81
82 984
82 888
82 956
82 955
82 952
82 894
82 954
82 830
82 856
82 83
91 82
381 82
401 82
511 82
83 893
83 763
83 894
83 830
83 856
82 83
107 83
257 83
381 83
511 83
601 83
84 949
84 847
84 846
84 946
84 767
84 969
84 806
669 84
85 778
85 891
85 818
85 969
85 736
359 85
86 819
86 1029
86 302
86 890
86 969
161 86
214 86
340 86
374 86
87 972
87 996
87 763
87 876
87 810
87 1031
87 894
87 969
87 856
112 87
114 87
215 87
248 87
262 87
367 87
382 87
390 87
448 87
454 87
551 87
610 87
623 87
651 87
684 87
88 923
88 1022
88 22
88 1029
88 770
88 827
88 981
88 912
201 88
238 88
262 88
271 88
390 88
398 88
400 88
401 88
503 88
530 88
566 88
671 88
673 88
89 923
89 984
89 770
89 981
89 841
89 38
89 983
89 23
238 89
271 89
351 89
381 89
390 89
503 89
508 89
509 89
511 89
567 89
673 89
691 89
90 748
90 864
90 897
90 980
90 926
90 841
90 1054
90 41
238 90
273 90
350 90
367 90
399 90
495 90
584 90
597 90
605 90
628 90
91 984
91 956
91 1029
91 82
91 841
91 950
91 954
91 23
91 14
91 1054
91 41
238 91
247 91
253 91
350 91
369 91
552 91
597 91
691 91
193 92
407 92
631 92
93 1059
93 1024
93 800
93 828
342 93
94 825
94 934
95 790
95 795
95 1024
95 959
95 33
95 800
95 916
95 828
95 1051
95 912
95 32
95 913
245 95
246 95
342 95
344 95
96 769
96 920
96 815
96 884
96 919
96 22
96 50
96 885
238 96
399 96
401 96
441 96
459 96
547 96
571 96
601 96
603 96
670 96
675 96
97 769
238 97
262 97
263 97
264 97
265 97
271 97
351 97
358 97
381 97
389 97
398 97
400 97
401 97
408 97
490 97
492 97
507 97
528 97
529 97
530 97
531 97
567 97
673 97
98 769
98 896
98 898
98 38
98 1022
98 770
98 797
98 23
98 53
98 41
238 98
262 98
263 98
265 98
271 98
351 98
388 98
390 98
398 98
401 98
408 98
441 98
503 98
530 98
531 98
584 98
99 769
99 51
99 898
99 1050
99 730
99 23
99 728
99 53
262 99
263 99
264 99
265 99
358 99
389 99
397 99
398 99
400 99
401 99
408 99
490 99
528 99
598 99
691 99
100 846
100 1024
101 1018
101 1019
348 101
102 907
102 771
102 874
102 908
102 905
102 909
102 10
102 861
102 807
418 102
622 102
103 903
103 939
103 893
103 1007
103 1022
103 822
103 1009
103 930
103 14
232 103
247 103
344 103
104 737
252 104
253 104
338 104
350 104
496 104
566 104
605 104
105 4
105 819
105 1030
105 734
105 1029
105 891
105 818
105 969
105 990
105 736
202 105
206 105
214 105
340 105
341 105
516 105
106 833
106 1031
106 804
206 106
107 1050
107 955
107 83
248 107
265 107
381 107
388 107
398 107
400 107
401 107
408 107
490 107
528 107
529 107
562 107
108 879
108 78
108 10
108 11
108 47
212 108
226 108
384 108
385 108
418 108
109 9
109 859
361 109
384 109
539 109
563 109
648 109
692 109
110 879
226 110
418 110
428 110
565 110
652 110
111 879
226 111
418 111
429 111
565 111
112 986
112 972
112 765
112 87
112 893
112 763
112 810
112 734
112 767
112 48
112 953
517 112
113 832
113 895
113 783
113 782
114 87
114 875
333 114
365 114
374 114
380 114
441 114
457 114
459 114
570 114
666 114
684 114
115 15
115 52
216 115
408 115
627 115
116 880
116 58
116 950
208 116
210 116
117 881
117 880
117 758
117 882
275 117
355 117
480 117
642 118
678 118
119 943
119 783
119 1031
119 70
200 119
393 119
454 119
472 119
550 119
120 8
120 38
120 42
120 906
120 908
120 37
176 120
236 120
622 120
623 120
653 120
654 120
121 42
121 909
556 121
122 907
122 962
122 771
122 963
122 38
122 42
122 906
122 908
122 905
122 909
122 37
122 39
323 122
325 122
503 122
556 122
607 122
123 907
123 838
123 906
123 908
123 905
123 978
123 807
237 123
322 123
422 123
424 123
495 123
575 123
639 123
693 123
124 169
124 308
124 125
515 124
553 124
125 760
125 975
125 1008
125 959
125 33
125 727
125 1057
125 842
125 62
125 912
125 960
124 125
205 125
126 741
126 842
205 126
404 126
405 126
553 126
127 1008
127 297
127 868
127 1011
127 1057
221 127
319 127
371 127
452 127
453 127
618 127
128 786
128 785
128 78
128 131
243 128
385 128
386 128
467 128
592 128
596 128
129 768
129 901
129 902
244 129
354 129
468 129
469 129
524 129
130 874
130 768
130 914
130 790
130 951
130 869
130 959
130 60
130 809
130 57
130 902
130 912
130 293
130 41
222 130
252 130
350 130
369 130
442 130
467 130
524 130
131 786
131 785
131 793
128 131
226 131
228 131
354 131
357 131
386 131
410 131
467 131
510 131
559 131
590 131
594 131
132 847
132 846
132 932
132 804
132 930
132 806
216 132
223 132
426 132
432 132
463 132
464 132
519 132
551 132
650 132
133 928
133 847
133 846
133 946
133 19
133 797
133 950
133 807
133 930
133 845
133 806
133 18
133 948
223 133
252 133
253 133
329 133
463 133
464 133
563 133
580 133
650 133
134 17
134 947
134 847
134 897
134 846
134 946
134 950
134 807
134 806
134 18
134 948
216 134
223 134
319 134
321 134
329 134
412 134
463 134
464 134
465 134
519 134
551 134
651 134
135 932
363 135
373 135
462 135
465 135
466 135
549 135
136 813
136 1035
251 136
377 136
442 136
499 136
585 136
626 136
137 924
137 1011
137 793
403 137
442 137
551 137
585 137
138 8
138 946
138 950
138 807
235 138
411 138
418 138
653 138
139 8
139 56
139 880
139 950
139 55
139 57
139 11
411 139
433 139
591 139
140 881
140 880
140 882
140 71
140 753
210 140
211 140
217 140
219 140
274 140
318 140
356 140
368 140
479 140
517 140
690 140
141 881
141 56
141 880
141 951
141 758
141 55
141 46
219 141
318 141
419 141
420 141
516 141
142 944
142 799
142 949
142 280
142 905
142 9
142 747
142 859
142 10
142 807
142 1004
142 806
143 944
143 799
143 847
143 846
143 806
212 143
235 143
321 143
327 143
329 143
519 143
616 143
648 143
649 143
144 75
144 992
144 1028
144 767
144 745
144 791
602 144
145 75
145 791
145 850
145 784
146 1028
146 791
146 286
256 146
406 146
147 787
559 147
148 939
148 813
148 814
148 756
230 148
232 148
416 148
417 148
533 148
534 148
612 148
149 939
149 28
149 813
149 1003
149 814
149 31
149 1035
149 938
149 30
149 29
149 937
149 1002
149 1005
149 1004
149 756
229 149
230 149
232 149
364 149
415 149
416 149
462 149
533 149
534 149
535 149
536 149
679 149
680 149
150 939
150 28
150 813
150 814
150 31
150 30
150 29
150 937
150 1004
229 150
230 150
364 150
365 150
414 150
415 150
460 150
571 150
612 150
613 150
635 150
681 150
151 939
151 814
151 30
229 151
230 151
414 151
415 151
613 151
158 978
158 39
272 158
159 281
159 698
159 1021
159 816
331 159
434 159
435 159
437 159
582 159
647 159
160 815
160 813
160 21
160 937
160 885
160 990
333 160
365 160
449 160
459 160
545 160
571 160
604 160
634 160
161 921
161 20
161 939
161 813
161 814
161 31
161 1021
161 30
161 816
161 885
161 86
229 161
230 161
333 161
365 161
416 161
417 161
532 161
533 161
534 161
535 161
536 161
557 161
571 161
679 161
162 1020
162 698
162 921
162 20
162 922
162 939
162 28
162 813
162 1003
162 814
162 31
162 1021
162 1035
162 938
162 30
162 29
162 937
162 1002
162 1005
162 1004
162 278
162 756
229 162
230 162
365 162
415 162
416 162
417 162
458 162
461 162
571 162
612 162
613 162
163 921
163 920
163 815
163 884
163 919
163 22
232 163
249 163
265 163
399 163
508 163
534 163
546 163
547 163
548 163
628 163
646 163
670 163
671 163
673 163
164 743
164 921
164 22
267 164
268 164
645 164
646 164
670 164
165 820
213 165
166 888
166 893
166 764
166 827
166 779
408 166
167 1064
167 6
542 167
168 991
168 718
169 15
169 918
169 868
169 761
124 169
222 169
252 169
525 169
618 169
626 169
627 169
170 868
170 1009
170 1070
170 824
170 911
170 912
251 170
260 170
447 170
448 170
587 170
618 170
619 170
171 975
171 0
171 827
171 33
171 954
171 912
376 171
447 171
172 903
172 15
172 766
172 768
172 79
172 1007
172 918
172 868
172 869
172 987
172 901
172 1009
172 761
172 958
172 784
222 172
252 172
377 172
525 172
526 172
626 172
627 172
173 962
173 38
173 906
173 42
173 908
173 37
322 173
325 173
492 173
574 173
174 907
174 962
174 771
174 838
174 964
174 38
174 42
174 906
174 773
174 908
174 905
174 899
174 699
174 909
174 314
174 37
174 839
237 174
322 174
325 174
424 174
425 174
494 174
548 174
554 174
555 174
576 174
577 174
607 174
636 174
637 174
687 174
175 907
175 962
175 771
175 963
175 838
175 38
175 846
175 42
175 906
175 908
175 905
175 909
687 175
176 907
176 120
176 771
176 43
176 42
176 906
176 908
176 905
176 977
176 978
239 176
177 986
177 299
177 750
177 32
260 177
343 177
393 177
449 177
472 177
586 177
587 177
677 177
178 866
178 912
244 178
449 178
586 178
179 740
179 786
179 785
179 35
179 34
179 866
179 824
179 911
179 912
179 784
336 179
379 179
394 179
413 179
467 179
588 179
596 179
180 1037
180 887
180 737
180 789
180 791
180 308
180 309
223 180
224 180
181 769
181 944
181 305
181 770
181 797
181 23
181 53
198 181
238 181
270 181
358 181
362 181
380 181
381 181
388 181
389 181
400 181
401 181
492 181
538 181
539 181
574 181
579 181
624 181
643 181
648 181
675 181
691 181
692 181
182 765
182 51
182 1018
182 810
182 23
182 53
204 182
265 182
358 182
359 182
360 182
361 182
398 182
408 182
507 182
674 182
183 799
183 893
183 894
183 857
183 804
183 856
183 931
183 967
183 848
183 849
206 183
223 183
429 183
540 183
184 794
184 975
184 989
184 725
184 788
184 912
184 726
248 184
185 986
185 35
185 1009
185 33
185 34
185 911
246 185
260 185
445 185
193 186
430 186
589 186
631 186
187 35
260 187
188 794
188 912
245 188
246 188
247 188
248 188
446 188
189 918
189 868
189 959
189 912
189 960
526 189
627 189
190 975
190 903
190 282
190 790
190 959
190 33
190 911
190 912
190 960
190 784
246 190
247 190
259 190
344 190
378 190
391 190
449 190
191 803
191 869
191 737
191 792
191 866
191 912
245 191
246 191
247 191
248 191
249 191
345 191
378 191
425 191
446 191
448 191
449 191
192 935
192 192
192 192
193 917
193 777
193 985
193 207
193 186
193 776
193 284
193 995
193 92
589 193
194 947
194 195
194 295
194 34
195 194
395 194
432 194
472 194
581 194
644 194
195 947
195 194
195 847
195 941
195 295
195 34
195 877
195 707
195 706
194 195
395 195
432 195
501 195
581 195
644 195
196 881
368 196
399 196
413 196
420 196
421 196
479 196
516 196
665 196
616 197
198 769
198 181
538 198
539 198
540 198
616 198
643 198
648 198
691 198
692 198
199 846
199 810
199 804
199 930
199 848
199 806
199 849
319 199
371 199
373 199
463 199
464 199
551 199
650 199
651 199
200 1031
200 119
380 200
454 200
455 200
566 200
610 200
666 200
668 200
201 972
201 88
380 201
454 201
455 201
528 201
566 201
610 201
623 201
659 201
668 201
669 201
202 4
202 105
338 202
496 202
203 945
203 942
448 203
204 182
358 204
361 204
362 204
403 204
507 204
579 204
674 204
675 204
205 126
205 9
205 741
205 842
205 62
205 125
403 205
404 205
405 205
585 205
206 945
206 942
206 105
206 952
206 894
206 857
206 804
206 856
206 106
206 728
206 183
206 889
540 206
601 206
207 844
207 843
207 741
207 842
207 994
193 207
402 207
403 207
514 207
515 207
658 207
669 207
208 116
208 58
208 883
690 208
209 8
209 946
320 209
321 209
327 209
411 209
537 209
562 209
690 209
210 8
210 943
210 881
210 56
210 880
210 116
210 846
210 140
210 55
210 950
210 882
368 210
411 210
420 210
433 210
479 210
480 210
561 210
690 210
211 8
211 881
211 880
211 58
211 9
211 140
211 882
211 10
211 266
326 211
371 211
410 211
413 211
420 211
452 211
479 211
480 211
482 211
505 211
517 211
526 211
564 211
212 799
212 766
212 949
212 881
212 56
212 16
212 9
212 1009
212 108
212 859
212 34
212 882
212 10
212 143
320 212
368 212
370 212
393 212
471 212
472 212
479 212
517 212
677 212
213 220
213 165
409 213
214 4
214 765
214 888
214 105
214 833
214 734
214 831
214 49
214 969
214 990
214 971
214 6
214 86
214 5
214 889
340 214
215 972
215 87
215 3
382 215
487 215
488 215
609 215
610 215
611 215
216 847
216 16
216 946
216 134
216 132
216 894
216 52
216 115
216 804
216 856
216 931
216 930
216 848
216 806
216 849
216 53
216 948
551 216
669 216
217 140
217 68
217 71
217 753
218 68
219 141
219 881
219 880
219 140
219 68
219 77
219 758
219 882
219 71
356 219
220 73
220 827
220 1024
220 828
220 745
213 220
248 220
406 220
409 220
430 220
632 220
221 760
221 903
221 1008
221 1007
221 35
221 127
221 1009
221 829
221 222
221 1010
221 14
222 221
245 221
345 221
370 221
371 221
379 221
418 221
452 221
453 221
526 221
600 221
663 221
664 221
222 15
222 768
222 169
222 79
222 868
222 910
222 35
222 221
222 987
222 761
222 172
222 130
222 784
221 222
371 222
524 222
525 222
526 222
626 222
627 222
223 180
223 1008
223 224
223 134
223 132
223 1009
223 133
223 737
223 1070
223 308
223 309
223 948
223 183
371 223
464 223
224 180
224 914
224 847
224 1009
224 737
223 224
371 224
418 224
452 224
453 224
464 224
225 879
226 858
226 766
226 879
226 785
226 9
226 111
226 108
226 10
226 11
226 110
226 131
226 47
467 226
318 227
387 227
451 227
483 227
485 227
486 227
590 227
591 227
595 227
228 131
318 228
386 228
387 228
467 228
483 228
485 228
486 228
590 228
594 228
595 228
229 20
229 939
229 813
229 814
229 31
229 162
229 150
229 1035
229 30
229 29
229 149
229 151
229 161
365 229
416 229
417 229
230 20
230 939
230 28
230 813
230 1003
230 148
230 814
230 31
230 162
230 150
230 1035
230 938
230 30
230 29
230 937
230 1002
230 149
230 1005
230 1004
230 151
230 756
230 161
333 230
364 230
415 230
458 230
459 230
460 230
571 230
612 230
231 939
231 813
231 814
231 756
333 231
365 231
416 231
417 231
458 231
462 231
612 231
614 231
232 163
232 1026
232 148
232 1022
232 1025
232 30
232 149
232 103
365 232
416 232
534 232
546 232
548 232
571 232
613 232
671 232
680 232
233 858
235 233
320 233
321 233
426 233
427 233
512 233
563 233
652 233
660 233
661 233
234 8
234 847
234 929
234 946
234 950
234 10
320 234
327 234
519 234
653 234
654 234
235 8
235 138
235 799
235 946
235 78
235 950
235 233
235 143
411 235
538 235
653 235
661 235
692 235
236 8
236 120
236 10
622 236
623 236
653 236
237 698
237 174
237 123
495 237
554 237
558 237
584 237
238 923
238 984
238 89
238 181
238 88
238 770
238 97
238 981
238 96
238 983
238 90
238 98
238 91
238 41
351 238
367 238
401 238
441 238
503 238
508 238
509 238
510 238
584 238
673 238
239 907
239 783
239 906
239 908
239 905
239 909
239 978
239 176
239 37
239 960
438 239
240 907
240 962
240 38
240 961
240 746
240 42
240 906
240 908
240 909
240 36
240 26
240 39
322 240
324 240
574 240
384 241
387 241
664 241
242 847
242 822
243 785
243 78
243 128
387 243
468 243
470 243
486 243
244 178
244 766
244 768
244 129
244 912
354 244
418 244
468 244
469 244
499 244
559 244
664 244
245 986
245 760
245 975
245 35
245 221
245 1009
245 829
245 959
245 33
245 727
245 95
245 911
245 912
245 960
245 191
245 188
343 245
344 245
394 245
600 245
246 705
246 185
246 1022
246 190
246 959
246 33
246 95
246 912
246 960
246 958
246 191
246 188
247 1022
247 190
247 959
247 33
247 912
247 960
247 191
247 14
247 91
247 103
247 188
344 247
345 247
449 247
599 247
620 247
248 794
248 975
248 220
248 87
248 1022
248 184
248 829
248 959
248 33
248 866
248 912
248 960
248 191
248 107
248 188
378 248
446 248
448 248
249 163
249 1006
249 1022
249 919
249 870
249 821
249 912
249 960
249 191
249 872
249 2
249 871
436 249
532 249
633 249
634 249
250 1071
251 136
251 868
251 1009
251 824
251 170
377 251
525 251
626 251
252 768
252 914
252 169
252 79
252 918
252 868
252 35
252 133
252 104
252 172
252 1010
252 130
350 252
369 252
442 252
526 252
552 252
605 252
626 252
627 252
664 252
253 768
253 914
253 763
253 846
253 762
253 133
253 104
253 274
253 91
274 253
605 253
254 765
254 764
254 5
541 254
543 254
255 765
255 884
255 782
255 764
255 967
255 848
372 255
373 255
256 1028
256 146
257 972
257 893
257 763
257 833
257 783
257 955
257 49
257 83
257 1005
257 5
372 257
572 257
682 257
683 257
684 257
258 868
258 795
258 1011
443 258
444 258
476 258
619 258
620 258
621 258
259 190
259 835
259 711
344 259
391 259
260 185
260 187
260 35
260 295
260 835
260 170
260 177
343 260
445 260
449 260
472 260
588 260
677 260
261 790
261 299
261 1051
261 1051
261 912
261 913
342 261
343 261
344 261
378 261
391 261
449 261
586 261
602 261
262 1020
262 922
262 87
262 88
262 97
262 98
262 53
262 99
351 262
367 262
397 262
401 262
503 262
509 262
263 769
263 1026
263 97
263 49
263 23
263 98
263 53
263 99
350 263
388 263
397 263
398 263
400 263
401 263
408 263
503 263
647 263
686 263
264 51
264 1050
264 814
264 97
264 993
264 990
264 53
264 99
330 264
358 264
363 264
381 264
398 264
408 264
528 264
265 163
265 1050
265 107
265 770
265 97
265 182
265 788
265 98
265 53
265 99
358 265
381 265
397 265
398 265
400 265
401 265
408 265
490 265
528 265
529 265
530 265
548 265
266 8
266 1026
266 880
266 58
266 266
266 950
211 266
266 266
411 266
413 266
433 266
505 266
517 266
562 266
660 266
690 266
267 921
267 164
645 267
646 267
647 267
268 1020
268 921
268 164
582 268
269 813
269 700
492 269
688 269
270 181
270 26
401 270
440 270
622 270
271 769
271 89
271 38
271 919
271 88
271 770
271 827
271 97
271 981
271 23
271 98
271 53
271 41
390 271
398 271
400 271
401 271
408 271
503 271
508 271
530 271
548 271
272 1011
272 158
272 878
475 272
476 272
477 272
495 272
557 272
583 272
670 272
681 272
273 838
273 90
273 700
434 273
495 273
584 273
628 273
274 8
274 253
274 140
274 737
253 274
334 274
348 274
368 274
418 274
474 274
502 274
520 274
275 754
275 117
275 57
275 882
275 1051
275 706
275 47
348 275
502 275
276 846
276 58
276 883
452 276
277 943
277 57
277 1051
277 44
277 706
368 277
418 277
420 277
421 277
479 277
520 277
278 1035
278 1071
940 278
1002 278
1023 278
162 278
363 278
279 1050
280 1071
807 280
142 280
474 280
281 1032
921 281
1021 281
159 281
437 281
647 281
701 282
790 282
912 282
959 282
190 282
357 282
283 1047
283 1061
283 1042
751 283
753 283
284 1060
751 284
776 284
777 284
791 284
850 284
985 284
193 284
406 284
589 284
798 285
875 286
146 286
914 288
1008 288
0 288
749 289
708 290
747 290
797 290
23 290
440 290
291 1051
706 291
837 291
1016 291
623 291
293 1062
130 293
294 1037
711 294
445 294
295 1046
711 295
34 295
194 295
195 295
260 295
432 295
445 295
449 295
588 295
644 295
296 1047
296 1068
296 1046
296 1037
711 296
744 296
750 296
913 296
297 298
298 297
723 297
727 297
727 297
759 297
760 297
869 297
965 297
1009 297
35 297
127 297
600 297
298 297
298 1046
297 298
704 298
723 298
753 298
824 298
866 298
869 298
911 298
912 298
960 298
35 298
443 298
299 1047
299 1046
701 299
703 299
704 299
726 299
750 299
751 299
823 299
913 299
177 299
261 299
343 299
449 299
562 299
300 1051
733 300
811 300
743 301
731 302
969 302
86 302
804 303
805 303
845 303
857 303
931 303
942 303
304 1032
304 1034
304 1054
732 304
734 304
1021 304
728 305
730 305
884 305
181 305
350 305
507 305
306 1050
817 306
890 306
993 306
12 306
307 1067
307 317
752 307
791 307
945 307
308 309
728 308
731 308
732 308
804 308
845 308
848 308
924 308
931 308
945 308
948 308
1005 308
19 308
124 308
180 308
223 308
319 308
346 308
309 1069
308 309
732 309
804 309
806 309
845 309
848 309
948 309
1005 309
19 309
180 309
223 309
310 1052
310 1071
732 310
940 310
373 310
549 310
697 311
25 311
26 312
313 1048
748 313
314 1033
314 1053
697 314
700 314
746 314
839 314
899 314
1023 314
174 314
422 314
493 314
494 314
555 314
576 314
636 314
637 314
695 314
696 314
316 1063
737 316
317 1067
307 317
318 141
318 881
318 56
318 880
318 227
318 140
318 55
318 228
483 318
484 318
485 318
486 318
590 318
591 318
595 318
319 15
319 847
319 846
319 13
319 946
319 134
319 199
319 127
319 807
319 930
319 308
319 848
319 806
319 849
319 18
463 319
464 319
465 319
519 319
551 319
650 319
651 319
320 8
320 973
320 209
320 212
320 9
320 950
320 10
320 234
320 233
552 320
563 320
648 320
321 8
321 949
321 847
321 209
321 946
321 134
321 950
321 233
321 143
411 321
451 321
512 321
552 321
563 321
652 321
322 962
322 771
322 42
322 906
322 908
322 240
322 905
322 899
322 174
322 173
322 39
322 123
323 907
323 122
323 963
323 838
323 1001
323 1022
323 906
323 773
323 908
323 423
323 324
324 323
494 323
574 323
576 323
577 323
638 323
687 323
689 323
324 907
324 962
324 1001
324 906
324 908
324 240
324 323
324 909
324 423
323 324
494 324
574 324
576 324
577 324
638 324
687 324
689 324
325 907
325 771
325 122
325 964
325 38
325 42
325 906
325 908
325 905
325 899
325 174
325 173
325 423
325 37
325 41
574 325
326 9
326 211
326 10
326 11
452 326
564 326
565 326
690 326
327 8
327 799
327 943
327 949
327 847
327 1017
327 209
327 950
327 234
327 143
327 946
428 327
451 327
464 327
518 327
519 327
538 327
539 327
649 327
655 327
328 944
328 9
504 328
578 328
580 328
651 328
329 944
329 847
329 16
329 846
329 946
329 134
329 9
329 133
329 950
329 143
329 806
329 18
519 329
330 921
330 813
330 1003
330 264
459 330
478 330
571 330
583 330
604 330
331 698
331 775
331 28
331 1021
331 159
331 773
331 29
331 977
331 774
331 1002
331 1004
437 331
548 331
693 331
332 772
333 114
333 921
333 939
333 31
333 231
333 230
333 885
333 160
333 161
458 333
459 333
571 333
583 333
604 333
614 333
681 333
334 941
334 916
334 274
601 334
335 1018
335 336
335 941
335 1051
336 335
500 335
520 335
523 335
336 1018
336 179
336 810
336 335
336 48
336 57
336 1051
335 336
500 336
520 336
523 336
578 336
674 336
337 810
337 941
337 706
338 984
338 202
338 767
338 104
497 338
567 338
339 4
339 819
339 767
339 969
339 889
566 339
659 339
340 991
340 214
340 4
340 105
340 969
340 990
340 86
341 4
341 819
341 992
341 105
341 985
341 969
341 852
341 791
341 851
341 889
342 790
342 261
342 918
342 1024
342 959
342 800
342 95
342 93
342 1051
342 912
342 32
601 342
602 342
343 986
343 989
343 245
343 299
343 261
343 33
343 34
343 912
343 913
343 177
343 260
452 343
524 343
586 343
677 343
344 760
344 245
344 790
344 261
344 190
344 1009
344 829
344 259
344 959
344 33
344 727
344 95
344 1051
344 912
344 960
344 32
344 247
344 14
344 103
345 221
345 1009
345 33
345 824
345 912
345 191
345 247
463 345
527 345
346 308
346 706
515 346
616 346
504 347
578 347
579 347
675 347
348 101
348 275
348 12
348 274
513 348
578 348
623 348
349 1018
349 881
349 880
349 810
349 882
527 349
625 349
640 349
350 51
350 819
350 305
350 104
350 841
350 263
350 90
350 91
350 130
350 252
350 1054
350 41
510 350
511 350
606 350
673 350
351 89
351 1020
351 922
351 262
351 97
351 238
351 23
351 98
503 351
509 351
510 351
511 351
558 351
585 351
352 389
353 24
354 880
354 244
354 129
354 131
468 354
355 881
355 117
355 882
355 356
355 71
356 355
480 355
481 355
356 355
356 799
356 58
356 140
356 68
356 219
356 882
356 71
356 883
355 356
480 356
481 356
357 76
357 786
357 282
357 1007
357 785
357 77
357 875
357 131
559 357
358 984
358 51
358 265
358 181
358 204
358 97
358 182
358 817
358 971
358 23
358 264
358 728
358 53
358 99
465 358
507 358
528 358
624 358
674 358
359 891
359 85
359 182
360 4
360 819
360 58
360 767
360 9
360 182
360 49
360 969
566 360
361 1018
361 54
361 109
361 204
361 182
361 48
507 361
362 1016
362 743
362 894
362 922
362 884
362 181
362 204
362 3
511 362
609 362
628 362
363 135
363 938
363 932
363 1071
363 264
363 278
462 363
536 363
549 363
679 363
364 939
364 813
364 1003
364 150
364 938
364 230
364 937
364 1002
364 149
364 756
460 364
536 364
365 114
365 20
365 778
365 162
365 150
365 229
365 231
365 30
365 160
365 232
365 161
460 365
461 365
532 365
534 365
535 365
571 365
366 743
366 921
366 922
475 366
476 366
477 366
478 366
511 366
545 366
670 366
671 366
672 366
673 366
367 921
367 920
367 87
367 28
367 884
367 262
367 29
367 885
367 238
367 774
367 90
367 23
367 1004
367 878
441 367
533 367
548 367
577 367
368 8
368 210
368 768
368 881
368 56
368 880
368 212
368 140
368 869
368 859
368 55
368 57
368 882
368 274
368 196
368 277
479 368
484 368
517 368
665 368
690 368
369 768
369 56
369 840
369 60
369 55
369 91
369 130
369 252
369 1054
370 212
370 221
370 824
370 930
370 14
371 224
371 221
371 199
371 58
371 211
371 127
371 1009
371 222
371 759
371 223
371 867
452 371
517 371
521 371
526 371
599 371
600 371
630 371
372 972
372 257
372 810
372 804
372 1005
372 967
372 848
372 940
372 255
372 849
515 372
682 372
683 372
373 51
373 135
373 810
373 199
373 804
373 967
373 848
373 310
373 255
373 849
515 373
549 373
572 373
374 114
374 969
374 86
459 374
570 374
583 374
634 374
375 833
375 49
456 375
457 375
376 0
376 868
376 744
376 171
447 376
619 376
377 136
377 868
377 251
377 172
378 704
378 1045
378 261
378 190
378 248
378 912
378 191
378 750
378 913
379 903
379 179
379 221
379 901
379 959
379 912
379 960
524 379
588 379
380 114
380 181
380 201
380 200
455 380
530 380
567 380
609 380
610 380
381 769
381 984
381 89
381 264
381 265
381 181
381 107
381 82
381 97
381 83
381 23
487 381
531 381
603 381
382 972
382 87
382 215
488 382
609 382
610 382
611 382
383 814
383 778
383 970
383 30
383 890
447 383
459 383
612 383
384 8
384 109
384 785
384 78
384 108
384 241
385 785
385 58
385 108
385 128
467 385
486 385
386 8
386 785
386 78
386 128
386 228
386 131
467 386
468 386
470 386
484 386
486 386
592 386
593 386
596 386
387 227
387 243
387 228
387 241
467 387
479 387
483 387
484 387
485 387
486 387
590 387
591 387
592 387
593 387
595 387
596 387
608 387
388 819
388 181
388 107
388 770
388 263
388 98
490 388
528 388
529 388
562 388
643 388
389 796
389 962
389 389
389 920
389 778
389 181
389 1031
389 97
389 26
389 390
389 53
389 99
352 389
389 389
456 389
509 389
530 389
597 389
691 389
390 89
390 920
390 87
390 271
390 88
390 770
390 981
390 23
390 98
389 390
441 390
456 390
503 390
509 390
531 390
673 390
391 261
391 1022
391 919
391 190
391 770
391 259
391 960
503 391
646 391
662 392
393 1018
393 212
393 119
393 33
393 759
393 932
393 911
393 69
393 177
393 834
393 867
472 393
481 393
677 393
394 245
394 179
394 1009
394 759
394 867
472 394
521 394
600 394
677 394
395 194
395 195
395 34
432 395
581 395
644 395
396 992
396 996
396 789
396 741
396 791
396 850
396 995
472 396
602 396
620 396
397 984
397 51
397 1050
397 265
397 262
397 981
397 263
397 23
397 99
528 397
529 397
530 397
601 397
398 271
398 265
398 88
398 107
398 770
398 97
398 182
398 263
398 23
398 98
398 264
398 53
398 99
441 398
456 398
490 398
528 398
530 398
598 398
399 163
399 920
399 1050
399 815
399 884
399 21
399 96
399 90
399 196
441 399
459 399
477 399
546 399
547 399
670 399
675 399
400 51
400 271
400 265
400 181
400 88
400 107
400 770
400 827
400 97
400 981
400 263
400 23
400 53
400 99
490 400
528 400
401 769
401 271
401 265
401 181
401 88
401 107
401 262
401 82
401 97
401 981
401 96
401 238
401 263
401 23
401 98
401 270
401 53
401 99
492 401
503 401
510 401
551 401
598 401
402 844
402 207
402 843
402 741
402 842
402 994
426 402
455 402
514 402
649 402
658 402
659 402
669 402
403 45
403 204
403 207
403 205
403 137
429 403
498 403
539 403
640 403
652 403
404 126
404 741
404 842
404 205
404 62
585 404
669 404
405 126
405 950
405 842
405 205
405 62
405 11
553 405
669 405
406 220
406 284
406 146
407 1013
407 827
407 990
407 789
407 801
407 850
407 1067
407 92
407 851
408 1026
408 51
408 271
408 763
408 265
408 107
408 1025
408 762
408 97
408 182
408 52
408 115
408 263
408 166
408 98
408 264
408 53
408 99
409 1012
409 1013
409 220
409 702
409 827
409 213
410 8
410 881
410 880
410 413
410 211
410 950
410 882
410 131
413 410
433 410
538 410
661 410
678 410
411 8
411 138
411 235
411 139
411 210
411 1026
411 880
411 321
411 209
411 946
411 30
411 950
411 11
411 266
433 411
505 411
562 411
690 411
412 846
412 134
412 58
484 412
413 8
413 881
413 179
413 56
413 880
413 410
413 58
413 211
413 55
413 861
413 266
413 196
410 413
433 413
452 413
482 413
486 413
564 413
414 939
414 814
414 150
414 151
460 414
532 414
613 414
635 414
415 20
415 939
415 813
415 1003
415 814
415 31
415 162
415 150
415 1035
415 30
415 230
415 149
415 151
460 415
506 415
532 415
571 415
613 415
635 415
416 20
416 939
416 813
416 148
416 814
416 1021
416 162
416 229
416 1035
416 231
416 30
416 149
416 232
416 161
458 416
417 20
417 813
417 148
417 814
417 1021
417 162
417 229
417 231
417 30
417 161
458 417
459 417
462 417
571 417
612 417
613 417
647 417
418 138
418 17
418 879
418 973
418 224
418 221
418 111
418 102
418 108
418 244
418 274
418 807
418 44
418 110
418 277
419 8
419 141
419 807
622 419
653 419
420 210
420 141
420 943
420 881
420 56
420 58
420 211
420 859
420 55
420 196
420 277
452 420
479 420
516 420
564 420
594 420
665 420
421 879
421 44
421 196
421 277
665 421
422 838
422 314
422 424
422 123
424 422
493 422
494 422
575 422
576 422
577 422
636 422
637 422
638 422
639 422
693 422
694 422
695 422
696 422
423 907
423 962
423 964
423 42
423 906
423 908
423 905
423 37
323 423
324 423
325 423
574 423
424 962
424 838
424 964
424 906
424 773
424 908
424 899
424 174
424 37
424 839
424 422
424 123
422 424
493 424
494 424
575 424
576 424
577 424
636 424
638 424
639 424
693 424
694 424
695 424
696 424
425 964
425 699
425 174
425 191
425 773
555 425
426 928
426 858
426 132
426 894
426 19
426 402
426 856
426 233
426 464
426 784
464 426
427 860
427 858
427 233
563 427
652 427
660 427
428 327
428 946
428 807
428 44
428 110
518 428
519 428
539 428
655 428
429 8
429 893
429 111
429 71
429 736
429 403
429 183
652 429
430 220
430 73
430 718
430 1024
430 186
430 826
586 430
431 73
431 1024
431 74
431 800
431 828
586 431
629 431
432 947
432 194
432 195
432 132
432 295
432 34
432 395
432 806
581 432
644 432
433 8
433 411
433 139
433 210
433 1026
433 880
433 413
433 410
433 30
433 505
433 950
433 266
505 433
562 433
434 896
434 159
434 273
435 698
435 921
435 159
557 435
582 435
647 435
436 249
436 821
436 2
436 871
532 436
634 436
437 281
437 698
437 775
437 1021
437 159
437 29
437 816
437 772
437 774
437 331
438 239
438 43
438 906
438 908
438 978
550 438
656 438
439 812
439 38
439 42
439 839
555 439
574 439
695 439
440 964
440 919
440 290
440 699
440 37
440 1004
440 270
548 440
441 114
441 367
441 920
441 919
441 770
441 827
441 29
441 981
441 96
441 238
441 399
441 983
441 398
441 98
441 390
671 441
672 441
442 768
442 136
442 767
442 1011
442 901
442 61
442 62
442 902
442 137
442 130
442 252
442 41
551 442
621 442
443 1011
443 258
443 298
443 912
557 443
620 443
621 443
444 795
444 1011
444 258
557 444
620 444
621 444
445 786
445 185
445 294
445 35
445 295
445 260
588 445
629 445
446 986
446 794
446 975
446 725
446 959
446 34
446 248
446 912
446 191
446 726
446 188
620 446
447 813
447 376
447 383
447 990
447 170
447 171
587 447
619 447
448 1026
448 87
448 755
448 1066
448 813
448 203
448 248
448 912
448 191
448 170
619 448
651 448
449 178
449 704
449 989
449 299
449 261
449 190
449 295
449 959
449 160
449 882
449 912
449 960
449 191
449 247
449 177
449 260
566 449
450 950
691 450
451 8
451 327
451 768
451 847
451 227
451 321
451 840
451 866
552 451
563 451
452 420
452 56
452 224
452 343
452 413
452 221
452 58
452 211
452 127
452 371
452 55
452 276
452 326
517 452
521 452
524 452
526 452
564 452
648 452
453 760
453 768
453 847
453 1008
453 224
453 1007
453 946
453 221
453 1011
453 127
453 1009
453 1057
663 453
454 87
454 119
454 201
454 200
530 454
623 454
667 454
455 201
455 380
455 402
455 200
528 455
610 455
648 455
658 455
659 455
668 455
669 455
456 389
456 833
456 1031
456 375
456 398
456 390
529 456
530 456
566 456
457 114
457 893
457 767
457 49
457 375
458 333
458 417
458 20
458 31
458 162
458 231
458 230
458 756
458 416
613 458
459 114
459 333
459 417
459 921
459 920
459 31
459 330
459 374
459 230
459 21
459 383
459 96
459 885
459 160
459 399
546 459
547 459
571 459
583 459
604 459
612 459
614 459
681 459
460 365
460 414
460 939
460 813
460 814
460 150
460 364
460 415
460 30
460 230
532 460
635 460
461 365
461 20
461 814
461 162
535 461
462 417
462 363
462 135
462 28
462 813
462 231
462 938
462 30
462 29
462 1002
462 149
571 462
679 462
680 462
463 847
463 345
463 846
463 319
463 946
463 134
463 132
463 199
463 133
463 804
463 930
463 806
463 18
463 948
551 463
650 463
464 327
464 928
464 947
464 949
464 847
464 16
464 224
464 846
464 319
464 134
464 132
464 199
464 19
464 133
464 61
464 930
464 848
464 223
464 426
464 806
464 849
464 948
426 464
518 464
519 464
650 464
465 135
465 887
465 13
465 319
465 134
465 358
465 12
465 804
465 931
551 465
651 465
466 135
466 847
466 893
466 950
549 466
467 786
467 179
467 385
467 785
467 226
467 387
467 128
467 57
467 228
467 386
467 130
467 131
468 243
468 244
468 129
468 354
468 386
469 987
469 77
469 244
469 824
469 129
470 768
470 785
470 243
470 77
470 386
626 470
471 847
471 56
471 212
471 55
471 753
605 471
472 396
472 194
472 212
472 119
472 932
472 393
472 394
472 177
472 260
472 70
677 472
473 950
558 473
565 473
474 280
474 274
616 474
475 272
475 366
557 475
583 475
604 475
670 475
681 475
476 272
476 921
476 366
476 924
476 795
476 1011
476 258
557 476
604 476
477 1020
477 272
477 921
477 922
477 366
477 399
618 477
670 477
672 477
478 921
478 922
478 366
478 330
545 478
582 478
670 478
671 478
672 478
479 210
479 420
479 943
479 881
479 56
479 880
479 368
479 212
479 58
479 387
479 140
479 211
479 859
479 55
479 882
479 196
479 277
517 479
591 479
665 479
690 479
480 355
480 210
480 117
480 211
480 758
480 882
480 356
480 71
481 355
481 881
481 880
481 758
481 393
481 882
481 356
481 71
482 413
482 58
482 211
483 786
483 227
483 785
483 387
483 228
483 318
588 483
590 483
592 483
595 483
484 368
484 412
484 387
484 386
484 318
517 484
485 227
485 387
485 228
485 318
590 485
595 485
486 881
486 56
486 227
486 385
486 413
486 387
486 243
486 55
486 228
486 386
486 318
590 486
487 381
487 215
487 3
487 48
676 487
488 215
488 3
488 382
608 488
609 488
610 488
611 488
489 893
489 894
685 489
490 400
490 1050
490 265
490 388
490 107
490 97
490 398
490 53
490 99
528 490
529 490
643 490
491 831
491 779
491 971
491 6
492 962
492 181
492 906
492 908
492 97
492 173
492 269
492 401
574 492
598 492
493 838
493 314
493 37
493 424
493 1004
493 422
575 493
577 493
637 493
693 493
694 493
695 493
494 907
494 698
494 838
494 964
494 906
494 174
494 323
494 774
494 314
494 37
494 424
494 324
494 422
575 494
576 494
577 494
598 494
636 494
638 494
639 494
694 494
695 494
696 494
495 272
495 838
495 237
495 273
495 90
495 123
554 495
584 495
628 495
496 1008
496 202
496 767
496 104
497 338
659 497
498 767
498 403
539 498
499 136
499 244
585 499
500 943
500 1018
500 810
500 846
500 336
500 941
500 335
500 48
500 1051
500 706
520 500
523 500
578 500
501 195
501 875
501 966
644 501
502 275
502 274
520 502
503 89
503 122
503 271
503 963
503 38
503 88
503 262
503 391
503 981
503 238
503 263
503 23
503 98
503 390
503 351
503 401
503 53
503 41
673 503
504 347
504 799
504 505
504 950
504 328
505 504
528 504
578 504
580 504
651 504
505 411
505 1026
505 880
505 433
505 211
505 504
505 950
505 807
505 266
433 505
504 505
562 505
690 505
506 755
506 28
506 1003
506 814
506 415
506 29
506 937
506 1004
507 972
507 51
507 305
507 1018
507 204
507 97
507 182
507 358
507 361
507 53
508 923
508 89
508 163
508 271
508 919
508 770
508 981
508 238
508 983
584 508
672 508
673 508
509 923
509 89
509 389
509 982
509 262
509 767
509 238
509 983
509 23
509 390
509 351
531 509
599 509
652 509
691 509
510 923
510 350
510 982
510 1015
510 793
510 238
510 983
510 23
510 351
510 131
510 401
510 47
585 510
606 510
652 510
691 510
511 984
511 89
511 350
511 366
511 82
511 362
511 830
511 83
511 351
511 41
585 511
606 511
512 837
512 321
512 233
513 1016
513 348
530 513
578 513
623 513
514 207
514 402
514 843
514 741
514 842
514 994
515 972
515 373
515 876
515 810
515 929
515 844
515 207
515 49
515 372
515 843
515 804
515 741
515 842
515 124
515 848
515 940
515 849
515 994
515 346
516 141
516 420
516 881
516 56
516 105
516 1030
516 1029
516 55
516 196
616 516
648 516
665 516
517 452
517 881
517 479
517 880
517 368
517 484
517 1030
517 212
517 58
517 140
517 211
517 371
517 950
517 55
517 112
517 11
517 266
518 327
518 428
518 464
649 518
655 518
519 327
519 949
519 847
519 329
519 846
519 319
519 946
519 134
519 132
519 234
519 428
519 143
519 930
519 806
519 464
648 519
649 519
650 519
654 519
655 519
520 760
520 500
520 1018
520 336
520 335
520 737
520 48
520 502
520 274
520 1051
520 277
521 452
521 371
521 916
521 394
599 521
600 521
601 521
522 881
522 882
522 71
523 1016
523 500
523 1018
523 810
523 336
523 335
523 48
523 1051
677 523
524 452
524 766
524 768
524 79
524 343
524 379
524 987
524 901
524 959
524 222
524 129
524 130
663 524
525 169
525 79
525 918
525 868
525 1009
525 251
525 222
525 761
525 172
626 525
627 525
526 452
526 15
526 950
526 79
526 918
526 868
526 221
526 211
526 959
526 222
526 371
526 172
526 189
526 252
626 526
627 526
527 760
527 345
527 349
626 527
627 527
628 527
528 400
528 1050
528 54
528 265
528 388
528 107
528 97
528 490
528 201
528 358
528 48
528 504
528 455
528 398
528 397
528 264
528 99
609 528
623 528
669 528
529 456
529 265
529 388
529 107
529 490
529 97
529 397
530 456
530 389
530 271
530 454
530 43
530 265
530 88
530 1031
530 770
530 513
530 97
530 380
530 398
530 98
530 397
530 53
623 530
531 963
531 381
531 97
531 23
531 98
531 509
531 390
672 531
532 365
532 436
532 20
532 414
532 1006
532 939
532 814
532 460
532 249
532 415
532 870
532 872
532 2
532 871
532 161
634 532
533 367
533 813
533 1003
533 148
533 30
533 149
533 161
679 533
680 533
534 365
534 163
534 1026
534 947
534 148
534 1022
534 1025
534 30
534 149
534 912
534 232
534 161
679 534
535 365
535 939
535 461
535 149
535 161
536 363
536 813
536 1003
536 814
536 364
536 938
536 937
536 1002
536 149
536 756
536 161
679 536
537 8
537 209
537 946
537 950
537 807
640 537
538 235
538 327
538 181
538 410
538 894
538 198
640 538
691 538
692 538
539 769
539 327
539 858
539 879
539 109
539 181
539 428
539 198
539 498
539 403
640 539
652 539
540 952
540 894
540 857
540 198
540 206
540 183
601 540
691 540
541 254
541 971
542 167
542 1064
543 254
543 5
545 1026
545 922
545 478
545 366
545 884
545 893
545 21
545 885
545 160
546 163
546 920
546 815
546 884
546 1022
546 919
546 547
546 399
546 232
546 459
628 546
670 546
547 163
547 920
547 815
547 884
547 21
547 96
547 399
547 459
546 547
604 547
612 547
615 547
628 547
670 547
548 163
548 367
548 920
548 775
548 271
548 964
548 265
548 440
548 174
548 29
548 37
548 1004
548 232
548 700
548 331
549 363
549 135
549 373
549 466
549 932
549 310
651 549
550 119
550 438
551 87
551 847
551 463
551 846
551 924
551 319
551 946
551 134
551 132
551 199
551 1011
551 61
551 442
551 804
551 465
551 848
551 806
551 849
551 137
551 401
551 216
611 551
552 8
552 451
552 847
552 897
552 321
552 946
552 320
552 950
552 91
552 806
552 252
606 552
650 552
553 126
553 405
553 741
553 842
553 124
554 746
554 237
554 174
554 37
554 495
555 964
555 425
555 439
555 699
555 174
555 314
555 37
555 697
636 555
637 555
639 555
693 555
694 555
556 122
556 963
556 38
556 906
556 773
556 908
556 121
556 26
557 475
557 272
557 921
557 435
557 924
557 443
557 476
557 161
557 444
558 473
558 963
558 237
558 40
558 351
559 1015
559 357
559 77
559 244
559 875
559 787
559 1057
559 147
559 131
561 1016
561 210
561 847
561 846
561 1017
562 8
562 411
562 1026
562 880
562 299
562 209
562 388
562 107
562 433
562 505
562 950
562 11
562 266
690 562
563 451
563 321
563 109
563 320
563 9
563 133
563 233
563 427
564 452
564 420
564 413
564 9
564 211
564 10
564 326
565 45
565 473
565 879
565 9
565 111
565 10
565 44
565 110
565 326
648 565
652 565
566 4
566 456
566 819
566 833
566 88
566 1031
566 449
566 770
566 339
566 201
566 104
566 200
566 360
567 984
567 89
567 338
567 97
567 380
567 954
567 23
668 567
568 54
568 1031
568 894
666 568
667 568
569 1021
570 114
570 374
684 570
571 365
571 333
571 417
571 939
571 814
571 31
571 162
571 150
571 330
571 1035
571 415
571 462
571 230
571 96
571 160
571 232
571 459
571 161
612 571
613 571
614 571
615 571
572 972
572 257
572 373
572 810
682 572
683 572
684 572
573 764
574 962
574 325
574 439
574 181
574 42
574 906
574 492
574 908
574 240
574 899
574 323
574 173
574 909
574 423
574 324
693 574
694 574
575 494
575 424
575 422
575 493
575 123
598 575
636 575
639 575
693 575
694 575
695 575
696 575
576 494
576 838
576 964
576 174
576 323
576 314
576 37
576 424
576 324
576 422
636 576
637 576
638 576
639 576
693 576
694 576
695 576
696 576
577 367
577 494
577 838
577 28
577 174
577 323
577 29
577 37
577 424
577 324
577 422
577 493
694 577
578 347
578 500
578 1018
578 336
578 941
578 348
578 513
578 504
578 328
624 578
675 578
579 347
579 181
579 204
624 579
648 579
675 579
580 944
580 133
580 969
580 504
580 10
580 856
580 328
651 580
581 194
581 195
581 34
581 395
581 432
601 581
644 581
582 1020
582 698
582 921
582 815
582 478
582 1021
582 435
582 159
582 816
582 772
582 268
646 582
647 582
670 582
671 582
583 333
583 475
583 272
583 31
583 330
583 374
583 885
583 459
614 583
681 583
584 923
584 858
584 819
584 237
584 273
584 770
584 1009
584 821
584 238
584 508
584 90
584 495
584 98
628 584
585 17
585 511
585 510
585 939
585 28
585 814
585 136
585 499
585 29
585 205
585 404
585 137
585 351
585 47
585 47
586 178
586 261
586 343
586 431
586 430
586 912
586 913
586 177
587 989
587 868
587 744
587 170
587 447
587 177
619 587
588 786
588 179
588 445
588 1061
588 785
588 483
588 379
588 295
588 260
629 588
589 917
589 777
589 985
589 186
589 776
589 284
589 995
589 193
590 227
590 387
590 483
590 228
590 485
590 131
590 318
590 486
591 139
591 56
591 479
591 227
591 387
591 55
591 318
592 8
592 387
592 483
592 128
592 386
596 592
593 836
593 387
593 24
593 386
642 593
594 420
594 56
594 595
594 951
594 55
594 228
594 131
595 227
595 387
595 483
595 228
595 485
595 318
594 595
596 179
596 387
596 592
596 128
596 386
597 389
597 841
597 90
597 23
597 91
597 41
598 984
598 1026
598 494
598 964
598 492
598 899
598 575
598 398
598 23
598 401
598 39
598 99
599 521
599 959
599 371
599 916
599 911
599 912
599 247
599 509
600 245
600 297
600 521
600 221
600 1009
600 371
600 759
600 394
600 867
601 769
601 581
601 51
601 521
601 96
601 916
601 342
601 206
601 83
601 397
601 32
601 334
601 540
601 889
602 144
602 75
602 396
602 261
602 33
602 342
602 866
603 381
603 96
604 333
604 475
604 330
604 21
604 547
604 885
604 160
604 476
604 459
605 606
605 471
605 253
605 104
605 90
605 252
606 605
606 605
606 350
606 511
606 510
606 894
606 552
606 950
606 1054
606 41
605 606
607 122
607 174
607 37
608 387
608 488
609 610
609 528
609 215
609 3
609 380
609 362
609 382
609 488
609 611
610 609
611 609
610 87
610 609
610 215
610 201
610 380
610 455
610 200
610 382
610 488
610 611
609 610
611 610
611 610
611 609
611 929
611 215
611 382
611 488
611 551
611 53
609 611
610 611
612 417
612 939
612 148
612 814
612 31
612 162
612 150
612 231
612 230
612 383
612 547
612 459
612 571
613 417
613 414
613 939
613 814
613 162
613 150
613 1035
613 415
613 30
613 458
613 232
613 151
613 571
615 613
614 333
614 20
614 583
614 815
614 778
614 31
614 884
614 231
614 21
614 885
614 459
614 571
615 939
615 814
615 31
615 891
615 1035
615 818
615 30
615 547
615 613
615 571
616 516
616 474
616 847
616 16
616 846
616 808
616 946
616 197
616 950
616 198
616 143
616 346
617 737
618 760
618 169
618 813
618 868
618 477
618 752
618 127
618 170
618 1067
618 854
619 376
619 258
619 170
619 447
619 587
619 448
620 986
620 446
620 396
620 795
620 1011
620 258
620 443
620 959
620 866
620 912
620 247
620 444
621 1011
621 258
621 443
621 442
621 444
622 8
622 120
622 419
622 236
622 1059
622 708
622 102
622 270
623 1016
623 120
623 87
623 454
623 528
623 236
623 348
623 513
623 201
623 291
623 530
624 769
624 578
624 708
624 181
624 941
624 579
624 358
624 797
625 1018
625 880
625 349
626 627
626 169
626 525
626 470
626 79
626 136
626 868
626 251
626 222
626 52
626 761
626 526
626 172
626 252
626 527
627 626
627 15
627 768
627 169
627 525
627 79
627 626
627 868
627 222
627 761
627 115
627 526
627 172
627 189
627 252
627 527
626 627
628 163
628 584
628 546
628 273
628 3
628 362
628 547
628 821
628 90
628 495
628 527
629 588
629 445
629 1061
629 431
630 1061
630 371
630 916
631 186
631 92
632 220
633 249
633 872
634 436
634 1006
634 1021
634 919
634 22
634 249
634 374
634 21
634 870
634 885
634 821
634 160
634 2
634 871
634 532
635 414
635 939
635 150
635 460
635 415
636 494
636 696
636 838
636 174
636 575
636 576
636 314
636 424
636 555
636 422
696 636
637 174
637 576
637 314
637 37
637 839
637 555
637 422
637 493
638 494
638 838
638 323
638 576
638 697
638 424
638 324
638 422
639 494
639 838
639 899
639 575
639 576
639 424
639 555
639 422
639 123
640 76
640 538
640 539
640 537
640 77
640 403
640 349
640 47
642 76
642 118
642 593
642 722
643 181
643 388
643 894
643 490
643 198
644 581
644 947
644 194
644 195
644 295
644 34
644 395
644 501
644 432
645 164
645 22
645 267
646 163
646 921
646 164
646 582
646 22
646 391
646 267
646 878
647 281
647 698
647 417
647 921
647 815
647 1021
647 435
647 582
647 22
647 159
647 816
647 263
647 267
648 516
648 452
648 565
648 519
648 56
648 109
648 181
648 320
648 579
648 455
648 10
648 198
648 143
648 659
649 327
649 519
649 847
649 946
649 844
649 402
649 518
649 807
649 143
650 8
650 519
650 463
650 846
650 319
650 132
650 199
650 19
650 133
650 552
650 930
650 806
650 464
650 948
651 87
651 778
651 846
651 13
651 319
651 134
651 549
651 580
651 199
651 504
651 328
651 465
651 448
652 565
652 858
652 982
652 879
652 510
652 321
652 539
652 793
652 429
652 807
652 233
652 427
652 403
652 509
652 110
652 47
653 8
653 138
653 235
653 120
653 654
653 419
653 236
653 946
653 234
654 653
654 8
654 120
654 519
654 653
654 946
654 234
653 654
655 327
655 519
655 428
655 518
656 864
656 438
657 927
658 767
658 207
658 402
658 843
658 455
658 994
659 497
659 1030
659 1029
659 767
659 339
659 201
659 402
659 455
648 659
660 858
660 233
660 427
660 266
660 47
661 235
661 858
661 410
661 946
661 233
662 392
662 1009
663 760
663 768
663 1008
663 1007
663 221
663 1009
663 453
663 524
664 768
664 79
664 1007
664 221
664 244
664 252
664 241
665 516
665 421
665 420
665 881
665 479
665 368
665 196
666 114
666 568
666 200
667 568
667 454
667 833
667 1031
668 567
668 201
668 455
668 200
669 54
669 528
669 846
669 946
669 201
669 207
669 402
669 405
669 843
669 455
669 84
669 404
669 994
669 216
670 1020
670 163
670 475
670 681
670 272
670 921
670 922
670 815
670 478
670 366
670 164
670 884
670 582
670 477
670 546
670 772
670 96
670 547
670 399
681 670
671 1020
671 163
671 478
671 366
671 582
671 1022
671 88
671 441
671 232
672 923
672 531
672 921
672 920
672 922
672 478
672 366
672 1022
672 477
672 770
672 981
672 508
672 441
672 23
673 89
673 163
673 350
673 922
673 503
673 366
673 88
673 770
673 97
673 238
673 508
673 960
673 23
673 390
674 336
674 204
674 793
674 182
674 358
675 347
675 578
675 181
675 204
675 579
675 96
675 399
676 487
676 3
677 523
677 343
677 212
677 759
677 393
677 472
677 882
677 912
677 69
677 394
677 177
677 260
677 867
678 118
678 410
679 1026
679 363
679 813
679 536
679 462
679 938
679 30
679 533
679 1002
679 149
679 534
679 161
680 813
680 462
680 533
680 1002
680 149
680 232
681 333
681 475
681 272
681 583
681 813
681 814
681 31
681 150
681 670
681 30
681 885
681 459
670 681
682 572
682 257
682 810
682 955
682 48
682 372
682 971
682 6
683 972
683 572
683 257
683 372
684 972
684 114
684 572
684 87
684 257
684 570
685 765
685 894
685 805
685 856
685 489
685 81
686 263
687 771
687 38
687 175
687 906
687 174
687 323
687 324
688 269
688 700
689 748
689 864
689 323
689 36
689 324
690 8
690 411
690 210
690 208
690 479
690 562
690 368
690 209
690 140
690 505
690 950
690 11
690 266
690 326
691 984
691 89
691 389
691 944
691 538
691 510
691 181
691 450
691 9
691 198
691 23
691 540
691 91
691 509
691 99
692 235
692 538
692 109
692 181
692 198
693 775
693 838
693 1022
693 574
693 906
693 575
693 576
693 697
693 424
693 331
693 555
693 39
693 422
693 493
693 123
694 494
694 577
694 838
694 964
694 574
694 906
694 908
694 899
694 575
694 576
694 37
694 424
694 555
694 422
694 493
695 494
695 439
695 575
695 576
695 314
695 424
695 422
695 493
696 698
696 494
696 838
696 964
696 1021
696 575
696 636
696 576
696 314
696 424
696 422
636 696
697 1033
697 314
697 311
772 697
773 697
775 697
921 697
1021 697
1023 697
555 697
638 697
693 697
698 1032
772 698
774 698
816 698
921 698
1021 698
159 698
162 698
237 698
331 698
435 698
437 698
494 698
582 698
647 698
696 698
774 699
775 699
899 699
964 699
174 699
425 699
440 699
555 699
700 314
812 700
828 700
838 700
900 700
1023 700
269 700
273 700
548 700
688 700
701 1044
701 282
701 299
33 701
409 702
703 740
703 704
703 299
740 703
704 299
704 298
703 704
33 704
378 704
449 704
730 705
928 705
942 705
945 705
246 705
706 730
706 1069
706 1051
706 707
706 291
707 706
754 706
811 706
846 706
877 706
941 706
943 706
1018 706
195 706
275 706
277 706
337 706
346 706
500 706
707 730
707 1052
707 1051
707 706
706 707
730 707
846 707
877 707
195 707
708 290
754 708
44 708
45 708
622 708
624 708
709 1060
709 747
709 1054
805 709
845 709
875 710
34 710
711 1037
711 294
711 296
711 295
711 753
881 711
259 711
809 713
715 1061
789 715
827 715
933 716
913 717
168 718
430 718
719 1054
768 722
60 722
642 722
723 297
723 1057
723 298
723 1056
760 723
829 723
0 724
725 1047
725 1047
725 726
726 725
776 725
794 725
917 725
975 725
989 725
184 725
446 725
726 1047
726 725
726 299
725 726
776 726
794 726
917 726
184 726
446 726
727 297
727 297
727 1057
760 727
767 727
768 727
1008 727
35 727
125 727
245 727
344 727
728 305
728 308
728 731
889 728
890 728
957 728
990 728
99 728
206 728
358 728
729 1050
865 729
990 729
993 729
53 729
730 705
730 305
730 707
706 730
707 730
943 730
99 730
731 1032
731 302
731 308
731 878
728 731
848 731
990 731
732 304
732 308
732 310
732 309
733 300
734 304
762 734
764 734
765 734
810 734
818 734
821 734
862 734
105 734
112 734
214 734
735 1065
901 736
902 736
923 736
969 736
984 736
85 736
105 736
429 736
737 316
767 737
912 737
104 737
180 737
191 737
223 737
224 737
274 737
520 737
617 737
738 1057
828 738
869 738
910 738
739 1064
740 703
703 740
179 740
842 741
843 741
994 741
126 741
205 741
207 741
396 741
402 741
404 741
514 741
515 741
553 741
743 301
743 1071
854 743
921 743
922 743
1020 743
164 743
362 743
366 743
744 296
744 1061
744 1046
744 1064
744 1068
755 744
939 744
376 744
587 744
777 745
825 745
936 745
1015 745
1024 745
144 745
220 745
746 1055
746 1063
746 1033
746 314
812 746
39 746
240 746
554 746
747 290
709 747
770 747
45 747
142 747
748 1055
748 313
812 748
864 748
926 748
36 748
90 748
689 748
749 289
750 296
750 299
751 750
177 750
378 750
751 283
751 1047
751 299
751 750
751 284
776 751
752 307
752 1067
618 752
753 283
753 1059
753 298
711 753
823 753
835 753
881 753
913 753
32 753
140 753
217 753
471 753
754 708
754 1051
754 706
877 754
941 754
943 754
275 754
755 1066
755 744
755 1067
813 755
1002 755
448 755
506 755
756 1071
813 756
814 756
885 756
937 756
938 756
1002 756
1003 756
20 756
21 756
30 756
148 756
149 756
162 756
230 756
231 756
364 756
458 756
536 756
757 1071
882 758
951 758
68 758
117 758
141 758
219 758
480 758
481 758
759 297
834 759
867 759
913 759
1009 759
69 759
371 759
393 759
394 759
600 759
677 759
760 723
760 297
760 727
760 1057
829 760
125 760
221 760
245 760
344 760
453 760
520 760
527 760
618 760
663 760
761 1037
829 761
868 761
918 761
15 761
79 761
169 761
172 761
222 761
525 761
626 761
627 761
762 763
762 734
763 762
821 762
852 762
888 762
893 762
923 762
954 762
955 762
984 762
1022 762
253 762
408 762
763 782
763 762
762 763
782 763
821 763
830 763
852 763
856 763
888 763
892 763
893 763
894 763
954 763
955 763
956 763
72 763
83 763
87 763
112 763
253 763
257 763
408 763
764 734
832 764
884 764
971 764
166 764
254 764
255 764
573 764
765 734
1005 765
112 765
182 765
214 765
254 765
255 765
685 765
914 766
973 766
1008 766
79 766
172 766
212 766
226 766
244 766
524 766
767 737
767 727
767 791
767 784
791 767
806 767
821 767
824 767
825 767
849 767
851 767
852 767
858 767
901 767
902 767
969 767
989 767
1008 767
1028 767
1029 767
59 767
79 767
84 767
112 767
144 767
338 767
339 767
360 767
442 767
457 767
496 767
498 767
509 767
658 767
659 767
768 727
768 722
768 1054
821 768
822 768
824 768
840 768
866 768
868 768
869 768
901 768
903 768
912 768
914 768
959 768
987 768
1007 768
1008 768
1010 768
15 768
55 768
60 768
79 768
129 768
130 768
172 768
222 768
244 768
252 768
253 768
368 768
369 768
442 768
451 768
453 768
470 768
524 768
627 768
663 768
664 768
898 769
23 769
53 769
96 769
97 769
98 769
99 769
181 769
198 769
263 769
271 769
381 769
401 769
539 769
601 769
624 769
770 747
841 770
920 770
923 770
981 770
983 770
984 770
1031 770
22 770
23 770
88 770
89 770
98 770
181 770
238 770
265 770
271 770
388 770
390 770
391 770
398 770
400 770
441 770
508 770
530 770
566 770
584 770
672 770
673 770
846 771
897 771
905 771
906 771
907 771
908 771
909 771
941 771
961 771
962 771
37 771
38 771
102 771
122 771
174 771
175 771
176 771
322 771
325 771
687 771
772 1032
772 698
772 1034
772 697
816 772
921 772
977 772
1021 772
332 772
437 772
582 772
670 772
773 697
899 773
963 773
26 773
174 773
323 773
331 773
424 773
425 773
556 773
774 698
774 775
774 699
775 774
899 774
963 774
964 774
977 774
1004 774
1021 774
29 774
37 774
331 774
367 774
437 774
494 774
775 699
775 774
775 697
774 775
816 775
907 775
909 775
921 775
977 775
1004 775
1021 775
29 775
331 775
437 775
548 775
693 775
776 725
776 777
776 726
776 284
776 751
777 776
913 776
985 776
193 776
589 776
777 745
777 776
777 284
776 777
985 777
193 777
589 777
778 1063
778 1064
817 778
818 778
887 778
890 778
891 778
942 778
945 778
969 778
1021 778
30 778
52 778
85 778
365 778
383 778
389 778
614 778
651 778
5 779
166 779
491 779
891 780
970 780
1028 780
75 780
783 781
1028 781
782 763
763 782
783 782
830 782
832 782
893 782
895 782
954 782
955 782
970 782
1028 782
1029 782
113 782
255 782
783 781
783 782
852 783
895 783
956 783
1028 783
1031 783
53 783
113 783
119 783
239 783
257 783
767 784
822 784
858 784
869 784
901 784
903 784
911 784
930 784
959 784
960 784
987 784
15 784
62 784
79 784
145 784
172 784
179 784
190 784
222 784
426 784
785 786
785 1061
858 785
78 785
128 785
131 785
179 785
226 785
243 785
357 785
384 785
385 785
386 785
467 785
470 785
483 785
588 785
785 786
858 786
903 786
78 786
128 786
131 786
179 786
357 786
445 786
467 786
483 786
588 786
836 787
1015 787
76 787
77 787
147 787
559 787
804 788
856 788
858 788
877 788
901 788
944 788
945 788
989 788
996 788
1018 788
184 788
265 788
789 715
789 1067
850 789
851 789
852 789
889 789
901 789
902 789
915 789
945 789
989 789
991 789
992 789
996 789
180 789
396 789
407 789
790 282
790 1059
790 1051
790 1067
916 790
95 790
130 790
190 790
261 790
342 790
344 790
791 307
791 767
791 284
767 791
817 791
850 791
851 791
852 791
889 791
901 791
902 791
915 791
989 791
990 791
991 791
992 791
996 791
59 791
75 791
144 791
145 791
146 791
180 791
341 791
396 791
953 792
996 792
191 792
851 793
901 793
902 793
904 793
914 793
982 793
983 793
1015 793
47 793
77 793
131 793
137 793
510 793
652 793
674 793
794 725
794 1061
794 726
912 794
917 794
959 794
975 794
184 794
188 794
248 794
446 794
853 795
854 795
912 795
915 795
924 795
1003 795
1011 795
95 795
258 795
444 795
476 795
620 795
844 796
389 796
797 290
898 797
23 797
98 797
133 797
181 797
624 797
798 285
949 799
950 799
973 799
16 799
79 799
142 799
143 799
183 799
212 799
235 799
327 799
356 799
504 799
800 1061
800 1059
800 1071
828 800
829 800
934 800
935 800
936 800
1022 800
1024 800
73 800
74 800
93 800
95 800
342 800
431 800
801 1067
407 801
825 802
803 1061
822 803
829 803
912 803
953 803
958 803
191 803
804 303
804 788
804 308
804 309
822 804
844 804
845 804
847 804
848 804
849 804
877 804
888 804
894 804
925 804
930 804
931 804
944 804
948 804
12 804
81 804
106 804
132 804
183 804
199 804
206 804
216 804
372 804
373 804
463 804
465 804
515 804
551 804
805 303
805 1059
805 709
848 805
893 805
894 805
942 805
945 805
49 805
81 805
685 805
806 767
806 309
822 806
846 806
847 806
848 806
849 806
928 806
930 806
931 806
941 806
944 806
946 806
947 806
948 806
949 806
994 806
12 806
17 806
18 806
19 806
72 806
84 806
132 806
133 806
134 806
142 806
143 806
199 806
216 806
319 806
329 806
432 806
463 806
464 806
519 806
551 806
552 806
650 806
807 280
846 807
905 807
906 807
907 807
908 807
909 807
941 807
961 807
1022 807
17 807
41 807
46 807
102 807
123 807
133 807
134 807
138 807
142 807
319 807
418 807
419 807
428 807
505 807
537 807
649 807
652 807
876 808
929 808
19 808
616 808
809 713
916 809
973 809
130 809
810 1041
810 734
810 1051
846 810
848 810
849 810
877 810
941 810
943 810
972 810
1018 810
1019 810
87 810
112 810
182 810
199 810
336 810
337 810
349 810
372 810
373 810
500 810
515 810
523 810
572 810
682 810
811 1052
811 300
811 706
846 811
877 811
1013 811
812 748
812 746
812 700
864 812
908 812
909 812
36 812
439 812
813 755
813 1066
813 756
937 813
938 813
967 813
1002 813
1003 813
1004 813
1005 813
1025 813
1026 813
20 813
28 813
29 813
30 813
136 813
148 813
149 813
150 813
160 813
161 813
162 813
229 813
230 813
231 813
269 813
330 813
364 813
415 813
416 813
417 813
447 813
448 813
460 813
462 813
533 813
536 813
618 813
679 813
680 813
681 813
814 1035
814 756
884 814
890 814
937 814
938 814
939 814
1002 814
1004 814
1005 814
1025 814
20 814
28 814
29 814
30 814
31 814
148 814
149 814
150 814
151 814
161 814
162 814
229 814
230 814
231 814
264 814
383 814
414 814
415 814
416 814
417 814
460 814
461 814
506 814
532 814
536 814
571 814
585 814
612 814
613 814
615 814
681 814
815 878
884 815
919 815
920 815
967 815
1022 815
1025 815
21 815
22 815
96 815
160 815
163 815
399 815
546 815
547 815
582 815
614 815
647 815
670 815
816 698
816 775
816 772
921 816
1021 816
159 816
161 816
437 816
582 816
647 816
817 778
817 306
817 1064
817 791
889 817
890 817
891 817
21 817
30 817
358 817
818 778
818 734
890 818
891 818
969 818
970 818
85 818
105 818
615 818
957 819
969 819
980 819
983 819
984 819
990 819
4 819
48 819
52 819
86 819
105 819
339 819
341 819
350 819
360 819
388 819
566 819
584 819
165 820
821 768
821 763
821 734
821 762
821 767
821 871
871 821
79 821
249 821
436 821
584 821
628 821
634 821
822 768
822 803
822 804
822 806
822 784
925 822
930 822
958 822
1007 822
14 822
103 822
242 822
823 299
823 753
903 823
1007 823
60 823
824 768
824 767
824 866
824 298
880 824
901 824
903 824
911 824
914 824
1007 824
1008 824
1010 824
60 824
170 824
179 824
251 824
345 824
370 824
469 824
825 802
825 767
825 745
825 826
826 825
934 825
1014 825
94 825
826 825
825 826
933 826
934 826
430 826
827 1060
827 828
827 715
828 827
829 827
910 827
913 827
919 827
935 827
936 827
1022 827
1024 827
1025 827
1026 827
1027 827
0 827
73 827
88 827
166 827
171 827
220 827
271 827
400 827
407 827
409 827
441 827
828 738
828 1059
828 827
828 800
828 700
827 828
829 828
866 828
911 828
934 828
936 828
1022 828
1024 828
74 828
93 828
95 828
220 828
431 828
829 760
829 723
829 803
829 827
829 800
829 761
829 1057
829 828
903 829
910 829
911 829
913 829
1009 829
1027 829
35 829
221 829
245 829
248 829
344 829
830 763
830 782
888 830
923 830
952 830
954 830
984 830
82 830
83 830
511 830
888 831
890 831
991 831
53 831
214 831
491 831
832 782
832 764
895 832
970 832
1028 832
113 832
49 833
50 833
106 833
214 833
257 833
375 833
456 833
566 833
667 833
834 759
977 834
978 834
393 834
835 1045
835 1046
835 753
913 835
977 835
69 835
259 835
260 835
836 787
593 836
837 291
943 837
512 837
838 700
838 1053
899 838
900 838
906 838
908 838
962 838
1023 838
123 838
174 838
175 838
273 838
323 838
422 838
424 838
493 838
494 838
495 838
576 838
577 838
636 838
638 838
639 838
693 838
694 838
696 838
839 1033
839 314
906 839
908 839
174 839
424 839
439 839
637 839
840 768
840 1054
840 1054
55 840
369 840
451 840
841 770
841 1054
898 841
23 841
89 841
90 841
91 841
350 841
597 841
842 741
947 842
125 842
126 842
205 842
207 842
402 842
404 842
405 842
514 842
515 842
553 842
843 1069
843 741
886 843
887 843
925 843
994 843
207 843
402 843
514 843
515 843
658 843
669 843
844 796
844 1069
844 804
887 844
994 844
207 844
402 844
515 844
649 844
845 303
845 709
845 804
845 308
845 309
931 845
948 845
133 845
846 771
846 847
846 1052
846 810
846 811
846 707
846 807
846 806
846 706
847 846
928 846
931 846
948 846
949 846
950 846
12 846
18 846
19 846
84 846
100 846
132 846
133 846
134 846
143 846
175 846
199 846
210 846
253 846
276 846
319 846
329 846
412 846
463 846
464 846
500 846
519 846
551 846
561 846
616 846
650 846
651 846
669 846
847 846
847 804
847 806
846 847
883 847
904 847
905 847
928 847
931 847
944 847
946 847
947 847
948 847
949 847
950 847
12 847
16 847
18 847
19 847
84 847
132 847
133 847
134 847
143 847
195 847
216 847
224 847
234 847
242 847
319 847
321 847
327 847
329 847
451 847
453 847
463 847
464 847
466 847
471 847
519 847
551 847
552 847
561 847
616 847
649 847
848 810
848 805
848 804
848 308
848 806
848 849
848 309
848 731
849 848
930 848
931 848
947 848
948 848
958 848
12 848
13 848
15 848
16 848
183 848
199 848
216 848
255 848
319 848
372 848
373 848
464 848
515 848
551 848
849 810
849 767
849 804
849 848
849 806
848 849
930 849
931 849
945 849
948 849
13 849
16 849
183 849
199 849
216 849
319 849
372 849
373 849
464 849
515 849
551 849
850 789
850 791
850 284
915 850
989 850
992 850
145 850
396 850
407 850
851 767
851 793
851 789
851 791
851 1067
889 851
901 851
989 851
990 851
991 851
992 851
1012 851
1015 851
341 851
407 851
852 763
852 783
852 762
852 767
852 789
852 791
889 852
892 852
990 852
991 852
1029 852
341 852
853 795
915 853
974 853
975 853
976 853
854 743
854 795
618 854
856 763
856 788
893 856
894 856
942 856
945 856
952 856
954 856
955 856
956 856
958 856
80 856
82 856
83 856
87 856
183 856
206 856
216 856
426 856
580 856
685 856
857 303
889 857
892 857
894 857
942 857
952 857
183 857
206 857
540 857
858 786
858 785
858 767
858 788
858 784
901 858
903 858
904 858
923 858
982 858
1015 858
47 858
62 858
77 858
226 858
233 858
426 858
427 858
539 858
584 858
652 858
660 858
661 858
881 859
889 859
928 859
949 859
16 859
19 859
55 859
56 859
109 859
142 859
212 859
368 859
420 859
479 859
987 860
427 860
46 861
102 861
413 861
862 734
863 1048
864 748
864 812
908 864
926 864
961 864
36 864
90 864
656 864
689 864
865 729
866 768
866 828
866 298
824 866
869 866
911 866
912 866
959 866
960 866
986 866
178 866
179 866
191 866
248 866
451 866
602 866
620 866
867 759
867 1056
371 867
393 867
394 867
600 867
677 867
868 768
868 761
912 868
918 868
1002 868
1007 868
1008 868
1010 868
15 868
79 868
127 868
169 868
170 868
172 868
189 868
222 868
251 868
252 868
258 868
376 868
377 868
525 868
526 868
587 868
618 868
626 868
627 868
869 738
869 768
869 297
869 866
869 298
869 784
901 869
903 869
911 869
912 869
914 869
925 869
930 869
953 869
958 869
1007 869
1008 869
14 869
15 869
78 869
79 869
130 869
172 869
191 869
368 869
871 870
919 870
1006 870
249 870
532 870
634 870
871 870
871 821
871 872
821 871
919 871
1006 871
249 871
436 871
532 871
634 871
871 872
1006 872
2 872
249 872
532 872
633 872
102 874
130 874
875 710
875 286
892 875
966 875
34 875
114 875
357 875
501 875
559 875
876 1052
876 808
924 876
929 876
947 876
87 876
515 876
877 754
877 1052
877 810
877 811
877 804
877 1051
877 707
877 788
877 706
941 877
195 877
731 878
815 878
919 878
920 878
272 878
367 878
646 878
949 879
973 879
11 879
45 879
46 879
47 879
108 879
110 879
111 879
225 879
226 879
418 879
421 879
539 879
565 879
652 879
880 824
950 880
951 880
8 880
11 880
57 880
71 880
116 880
117 880
139 880
140 880
141 880
210 880
211 880
219 880
266 880
318 880
349 880
354 880
368 880
410 880
411 880
413 880
433 880
479 880
481 880
505 880
517 880
562 880
625 880
881 859
881 711
881 753
951 881
1029 881
1030 881
55 881
56 881
61 881
71 881
117 881
140 881
141 881
196 881
210 881
211 881
212 881
219 881
318 881
349 881
355 881
368 881
410 881
413 881
420 881
479 881
481 881
486 881
516 881
517 881
522 881
665 881
882 758
951 882
8 882
56 882
68 882
71 882
117 882
140 882
210 882
211 882
212 882
219 882
275 882
349 882
355 882
356 882
368 882
410 882
449 882
479 882
480 882
481 882
522 882
677 882
883 847
949 883
58 883
208 883
276 883
356 883
884 305
884 815
884 814
884 764
920 884
971 884
1022 884
6 884
21 884
96 884
163 884
255 884
362 884
367 884
399 884
545 884
546 884
547 884
614 884
670 884
885 756
21 885
31 885
96 885
160 885
161 885
333 885
367 885
459 885
545 885
583 885
604 885
614 885
634 885
681 885
886 843
887 1050
887 778
887 1059
887 844
887 843
1021 887
12 887
21 887
52 887
180 887
465 887
888 831
888 893
888 763
888 762
888 804
888 830
952 888
955 888
52 888
82 888
166 888
214 888
889 857
889 859
889 852
889 817
889 789
889 791
889 728
889 851
990 889
991 889
1029 889
4 889
206 889
214 889
339 889
341 889
601 889
890 831
890 814
890 778
890 306
890 818
890 817
890 728
957 890
990 890
991 890
1021 890
21 890
53 890
54 890
86 890
383 890
891 778
891 818
891 780
891 817
969 891
970 891
976 891
30 891
85 891
105 891
359 891
615 891
892 893
892 763
892 857
892 894
892 875
892 852
957 892
966 892
972 892
34 892
80 892
893 763
893 782
893 762
893 805
893 856
888 893
892 893
952 893
954 893
955 893
956 893
970 893
972 893
1028 893
49 893
72 893
80 893
81 893
83 893
103 893
112 893
166 893
183 893
257 893
429 893
457 893
466 893
489 893
545 893
894 763
894 857
894 805
894 804
894 856
892 894
952 894
954 894
955 894
956 894
957 894
972 894
1014 894
1031 894
3 894
51 894
80 894
81 894
82 894
83 894
87 894
183 894
206 894
216 894
362 894
426 894
489 894
538 894
540 894
568 894
606 894
643 894
685 894
895 832
895 783
895 782
970 895
113 895
98 896
434 896
897 771
36 897
41 897
90 897
134 897
552 897
898 769
898 797
898 841
962 898
23 898
98 898
99 898
899 838
899 773
899 699
899 774
899 314
962 899
964 899
37 899
174 899
322 899
325 899
424 899
574 899
598 899
639 899
694 899
900 838
900 700
901 858
901 903
901 768
901 767
901 869
901 793
901 789
901 824
901 791
901 788
901 736
901 784
901 851
960 901
987 901
15 901
60 901
62 901
129 901
172 901
379 901
442 901
524 901
902 923
902 767
902 793
902 789
902 791
902 736
983 902
1029 902
78 902
129 902
130 902
442 902
903 823
903 858
903 786
903 768
903 869
903 829
903 1057
903 824
903 784
901 903
959 903
960 903
987 903
1009 903
1027 903
15 903
35 903
103 903
172 903
190 903
221 903
379 903
904 858
904 847
904 793
905 907
905 771
905 847
905 906
905 908
905 909
905 807
906 905
907 905
908 905
909 905
961 905
962 905
36 905
37 905
38 905
41 905
102 905
122 905
123 905
142 905
174 905
175 905
176 905
239 905
322 905
325 905
423 905
906 907
906 771
906 838
906 908
906 905
906 909
906 807
906 839
905 906
907 906
908 906
909 906
961 906
962 906
1001 906
1022 906
26 906
36 906
38 906
39 906
41 906
42 906
120 906
122 906
123 906
173 906
174 906
175 906
176 906
239 906
240 906
322 906
323 906
324 906
325 906
423 906
424 906
438 906
492 906
494 906
556 906
574 906
687 906
693 906
694 906
907 771
907 775
907 906
907 908
907 905
907 909
907 807
905 907
906 907
908 907
909 907
961 907
962 907
964 907
1001 907
26 907
36 907
38 907
39 907
42 907
102 907
122 907
123 907
174 907
175 907
176 907
239 907
240 907
323 907
324 907
325 907
423 907
494 907
908 907
908 771
908 864
908 812
908 838
908 906
908 905
908 909
908 807
908 839
905 908
906 908
907 908
909 908
961 908
962 908
1001 908
1022 908
26 908
36 908
38 908
39 908
41 908
42 908
54 908
102 908
120 908
122 908
123 908
173 908
174 908
175 908
176 908
239 908
240 908
322 908
323 908
324 908
325 908
423 908
424 908
438 908
492 908
556 908
574 908
694 908
909 907
909 771
909 775
909 812
909 906
909 908
909 905
909 807
905 909
906 909
907 909
908 909
961 909
962 909
36 909
38 909
102 909
121 909
122 909
174 909
175 909
239 909
240 909
324 909
574 909
910 738
910 827
910 829
222 910
911 869
911 829
911 828
911 866
911 824
911 298
911 784
986 911
33 911
170 911
179 911
185 911
190 911
245 911
393 911
599 911
912 794
912 768
912 282
912 1061
912 803
912 868
912 795
912 869
912 737
912 866
912 298
958 912
959 912
960 912
975 912
986 912
1022 912
33 912
88 912
95 912
125 912
130 912
170 912
171 912
178 912
179 912
184 912
188 912
189 912
190 912
191 912
244 912
245 912
246 912
247 912
248 912
249 912
261 912
342 912
343 912
344 912
345 912
378 912
379 912
443 912
446 912
448 912
449 912
534 912
586 912
599 912
620 912
677 912
913 717
913 296
913 1045
913 299
913 827
913 829
913 835
913 759
913 776
913 753
989 913
69 913
95 913
261 913
343 913
378 913
586 913
914 288
914 766
914 768
914 869
914 793
914 824
987 914
1007 914
1015 914
130 914
224 914
252 914
253 914
915 853
915 795
915 789
915 791
915 850
974 915
975 915
976 915
916 790
916 809
973 916
95 916
334 916
521 916
599 916
601 916
630 916
917 794
917 1047
917 725
917 726
989 917
193 917
589 917
918 868
918 761
960 918
1002 918
1003 918
1010 918
15 918
79 918
169 918
172 918
189 918
252 918
342 918
525 918
526 918
919 815
919 827
919 870
919 871
919 878
981 919
1022 919
21 919
22 919
96 919
163 919
249 919
271 919
391 919
440 919
441 919
508 919
546 919
634 919
920 815
920 884
920 770
920 878
981 920
21 920
96 920
163 920
367 920
389 920
390 920
399 920
441 920
459 920
546 920
547 920
548 920
672 920
921 1032
921 281
921 698
921 743
921 775
921 1034
921 816
921 772
921 697
1020 921
1022 921
21 921
22 921
161 921
162 921
163 921
164 921
267 921
268 921
330 921
333 921
366 921
367 921
435 921
459 921
476 921
477 921
478 921
557 921
582 921
646 921
647 921
670 921
672 921
922 743
1020 922
21 922
162 922
262 922
351 922
362 922
366 922
477 922
478 922
545 922
670 922
672 922
673 922
923 858
923 762
923 770
923 830
923 736
902 923
981 923
982 923
983 923
984 923
42 923
88 923
89 923
238 923
508 923
509 923
510 923
584 923
672 923
924 876
924 795
924 308
1011 924
1021 924
61 924
137 924
476 924
551 924
557 924
925 822
925 869
925 843
925 804
925 930
926 748
926 864
36 926
39 926
90 926
657 927
928 705
928 847
928 846
928 859
928 806
946 928
948 928
949 928
133 928
426 928
464 928
929 1052
929 876
929 808
234 929
515 929
611 929
930 822
930 869
930 804
930 848
930 806
930 849
930 784
925 930
947 930
948 930
958 930
1007 930
14 930
15 930
103 930
132 930
133 930
199 930
216 930
319 930
370 930
463 930
464 930
519 930
650 930
931 303
931 847
931 846
931 804
931 308
931 848
931 845
931 806
931 849
946 931
948 931
949 931
952 931
183 931
216 931
465 931
132 932
135 932
363 932
393 932
472 932
549 932
933 716
933 1061
933 826
1012 933
934 825
934 800
934 828
934 826
77 934
94 934
935 827
935 800
976 935
1022 935
1025 935
1026 935
1027 935
73 935
192 935
936 1059
936 827
936 800
936 828
936 745
1024 936
937 813
937 814
937 756
1002 937
1003 937
1004 937
1005 937
28 937
30 937
149 937
150 937
160 937
162 937
230 937
364 937
506 937
536 937
938 814
938 813
938 756
1002 938
28 938
30 938
149 938
162 938
230 938
363 938
364 938
462 938
536 938
679 938
939 814
939 1046
939 1035
939 744
939 1068
1002 939
1004 939
1005 939
20 939
28 939
29 939
30 939
31 939
103 939
148 939
149 939
150 939
151 939
161 939
162 939
229 939
230 939
231 939
333 939
364 939
414 939
415 939
416 939
460 939
532 939
535 939
571 939
585 939
612 939
613 939
615 939
635 939
940 310
940 278
967 940
372 940
515 940
941 771
941 754
941 810
941 877
941 807
941 806
941 706
1018 941
1019 941
12 941
45 941
195 941
334 941
335 941
337 941
500 941
578 941
624 941
942 303
942 945
942 705
942 778
942 857
942 805
942 856
945 942
80 942
203 942
206 942
943 837
943 754
943 730
943 1052
943 810
943 1051
943 706
44 943
57 943
119 943
210 943
277 943
327 943
420 943
479 943
500 943
944 847
944 804
944 788
944 806
950 944
9 944
142 944
143 944
181 944
328 944
329 944
580 944
691 944
945 705
945 942
945 778
945 307
945 789
945 805
945 788
945 856
945 308
945 849
942 945
80 945
203 945
206 945
946 928
946 847
946 931
946 806
8 946
12 946
17 946
19 946
84 946
133 946
134 946
138 946
209 946
216 946
234 946
235 946
319 946
321 946
327 946
329 946
411 946
428 946
453 946
463 946
519 946
537 946
551 946
552 946
616 946
649 946
653 946
654 946
661 946
669 946
947 847
947 876
947 842
947 930
947 848
947 806
12 947
19 947
34 947
81 947
134 947
194 947
195 947
432 947
464 947
534 947
644 947
948 928
948 847
948 846
948 804
948 931
948 930
948 308
948 848
948 845
948 806
948 849
948 309
12 948
133 948
134 948
216 948
223 948
463 948
464 948
650 948
949 799
949 928
949 879
949 847
949 1052
949 846
949 859
949 931
949 806
949 883
84 949
142 949
212 949
321 949
327 949
464 949
519 949
950 944
950 799
950 1026
950 847
950 880
950 846
8 950
53 950
91 950
116 950
133 950
134 950
138 950
139 950
210 950
234 950
235 950
266 950
320 950
321 950
327 950
329 950
405 950
410 950
411 950
433 950
450 950
466 950
473 950
504 950
505 950
517 950
526 950
537 950
552 950
562 950
606 950
616 950
690 950
951 881
951 880
951 758
951 882
46 951
55 951
56 951
68 951
71 951
77 951
79 951
130 951
141 951
594 951
952 888
952 893
952 857
952 894
952 830
952 856
952 931
82 952
206 952
540 952
953 803
953 869
953 792
14 953
112 953
954 893
954 763
954 782
954 762
954 894
954 830
954 856
81 954
82 954
91 954
171 954
567 954
955 888
955 893
955 763
955 782
955 762
955 894
955 856
81 955
82 955
107 955
257 955
682 955
956 893
956 763
956 783
956 894
956 856
82 956
91 956
957 892
957 819
957 894
957 890
957 728
53 957
958 803
958 822
958 869
958 856
958 912
958 930
958 848
33 958
172 958
246 958
959 794
959 1026
959 903
959 768
959 282
959 866
959 912
959 784
33 959
95 959
125 959
130 959
189 959
190 959
245 959
246 959
247 959
248 959
342 959
344 959
379 959
446 959
449 959
524 959
526 959
599 959
620 959
960 903
960 918
960 901
960 866
960 298
960 912
960 784
33 960
79 960
125 960
189 960
190 960
239 960
245 960
246 960
247 960
248 960
249 960
344 960
379 960
391 960
449 960
673 960
961 907
961 771
961 864
961 906
961 908
961 905
961 909
961 807
36 961
42 961
240 961
962 907
962 771
962 898
962 838
962 906
962 908
962 905
962 899
962 909
36 962
38 962
39 962
42 962
122 962
173 962
174 962
175 962
240 962
322 962
324 962
389 962
423 962
424 962
492 962
574 962
963 773
963 774
26 963
122 963
175 963
323 963
503 963
531 963
556 963
558 963
964 907
964 899
964 699
964 774
37 964
174 964
325 964
423 964
424 964
425 964
440 964
494 964
548 964
555 964
576 964
598 964
694 964
696 964
965 297
966 892
966 875
34 966
501 966
967 815
967 813
967 940
53 967
183 967
255 967
372 967
373 967
969 819
969 778
969 891
969 818
969 767
969 302
969 736
30 969
48 969
84 969
85 969
86 969
87 969
105 969
214 969
339 969
340 969
341 969
360 969
374 969
580 969
970 832
970 895
970 893
970 891
970 782
970 818
970 780
30 970
383 970
971 884
971 764
6 971
214 971
358 971
491 971
541 971
682 971
972 892
972 893
972 810
972 894
87 972
112 972
201 972
215 972
257 972
372 972
382 972
507 972
515 972
572 972
683 972
684 972
973 799
973 766
973 879
973 916
973 809
57 973
320 973
418 973
974 853
974 915
975 794
975 725
975 853
975 912
975 915
125 975
171 975
184 975
190 975
245 975
248 975
446 975
976 853
976 891
976 935
976 915
977 775
977 772
977 835
977 774
977 834
176 977
331 977
978 834
36 978
123 978
158 978
176 978
239 978
438 978
980 819
90 980
981 923
981 920
981 919
981 770
88 981
89 981
238 981
271 981
390 981
397 981
400 981
401 981
441 981
503 981
508 981
672 981
982 923
982 858
982 793
47 982
77 982
509 982
510 982
652 982
983 923
983 819
983 770
983 793
983 902
89 983
238 983
441 983
508 983
509 983
510 983
984 923
984 819
984 762
984 770
984 830
984 736
23 984
82 984
89 984
91 984
238 984
338 984
358 984
381 984
397 984
511 984
567 984
598 984
691 984
985 777
985 776
985 284
193 985
341 985
589 985
986 866
986 911
986 912
1011 986
33 986
34 986
112 986
177 986
185 986
245 986
343 986
446 986
620 986
987 860
987 903
987 768
987 914
987 901
987 784
79 987
172 987
222 987
469 987
524 987
989 725
989 917
989 767
989 789
989 791
989 788
989 913
989 850
989 851
184 989
343 989
449 989
587 989
990 819
990 729
990 890
990 852
990 791
990 728
990 731
990 889
990 851
7 990
51 990
53 990
105 990
160 990
214 990
264 990
340 990
407 990
447 990
991 831
991 890
991 852
991 789
991 791
991 851
991 889
168 991
340 991
992 789
992 791
992 850
992 851
144 992
341 992
396 992
993 1050
993 306
993 729
51 993
53 993
264 993
994 844
994 843
994 741
994 806
25 994
207 994
402 994
514 994
515 994
658 994
669 994
193 995
396 995
589 995
996 792
996 789
996 791
996 788
87 996
396 996
1001 907
1001 906
1001 908
323 1001
324 1001
1002 755
1002 1066
1002 939
1002 813
1002 814
1002 918
1002 868
1002 938
1002 937
1002 1071
1002 278
1002 1067
1002 756
30 1002
149 1002
162 1002
230 1002
331 1002
364 1002
462 1002
536 1002
679 1002
680 1002
1003 813
1003 918
1003 795
1003 937
1003 756
30 1003
149 1003
162 1003
230 1003
330 1003
364 1003
415 1003
506 1003
533 1003
536 1003
1004 775
1004 939
1004 813
1004 814
1004 937
1004 774
17 1004
21 1004
28 1004
29 1004
30 1004
142 1004
149 1004
150 1004
162 1004
230 1004
331 1004
367 1004
440 1004
493 1004
506 1004
548 1004
1005 765
1005 939
1005 813
1005 814
1005 937
1005 308
1005 309
5 1005
30 1005
149 1005
162 1005
230 1005
257 1005
372 1005
1006 870
1006 872
1006 871
2 1006
249 1006
532 1006
634 1006
1007 823
1007 768
1007 914
1007 868
1007 822
1007 869
1007 824
1007 930
14 1007
103 1007
172 1007
221 1007
357 1007
453 1007
663 1007
664 1007
1008 288
1008 766
1008 768
1008 868
1008 767
1008 869
1008 727
1008 1057
1008 824
71 1008
125 1008
127 1008
221 1008
223 1008
453 1008
496 1008
663 1008
1009 903
1009 297
1009 829
1009 759
14 1009
103 1009
170 1009
172 1009
185 1009
212 1009
221 1009
223 1009
224 1009
245 1009
251 1009
344 1009
345 1009
371 1009
394 1009
453 1009
525 1009
584 1009
600 1009
662 1009
663 1009
1010 768
1010 868
1010 918
1010 824
221 1010
252 1010
1011 986
1011 924
1011 795
1011 1057
61 1011
127 1011
137 1011
258 1011
272 1011
442 1011
443 1011
444 1011
453 1011
476 1011
551 1011
620 1011
621 1011
1012 933
1012 1061
1012 1067
1012 851
409 1012
1013 811
407 1013
409 1013
1014 825
1014 894
24 1014
1015 858
1015 914
1015 793
1015 787
1015 745
1015 851
47 1015
77 1015
510 1015
559 1015
1016 291
362 1016
513 1016
523 1016
561 1016
623 1016
327 1017
561 1017
1018 810
1018 941
1018 1051
1018 788
1018 706
48 1018
57 1018
101 1018
182 1018
335 1018
336 1018
349 1018
361 1018
393 1018
500 1018
507 1018
520 1018
523 1018
578 1018
625 1018
1019 810
1019 941
101 1019
1020 743
1020 921
1020 922
21 1020
162 1020
262 1020
268 1020
351 1020
477 1020
582 1020
670 1020
671 1020
1021 1032
1021 281
1021 698
1021 775
1021 887
1021 778
1021 924
1021 816
1021 772
1021 890
1021 774
1021 304
1021 697
20 1021
159 1021
161 1021
162 1021
331 1021
416 1021
417 1021
437 1021
569 1021
582 1021
634 1021
647 1021
696 1021
1022 921
1022 815
1022 884
1022 919
1022 906
1022 762
1022 908
1022 827
1022 800
1022 828
1022 935
1022 807
1022 912
21 1022
37 1022
88 1022
98 1022
103 1022
232 1022
246 1022
247 1022
248 1022
249 1022
323 1022
391 1022
534 1022
546 1022
671 1022
672 1022
693 1022
1023 838
1023 314
1023 697
1023 700
1023 278
1024 1059
1024 936
1024 827
1024 800
1024 828
1024 745
0 1024
71 1024
73 1024
74 1024
93 1024
95 1024
100 1024
220 1024
342 1024
430 1024
431 1024
1025 815
1025 813
1025 814
1025 1035
1025 827
1025 935
1026 1025
1027 1025
73 1025
74 1025
232 1025
408 1025
534 1025
1026 813
1026 1027
1026 1035
1026 1025
1026 1063
1026 827
1026 935
950 1026
959 1026
1027 1026
49 1026
73 1026
74 1026
232 1026
263 1026
266 1026
408 1026
411 1026
433 1026
448 1026
505 1026
534 1026
545 1026
562 1026
598 1026
679 1026
1027 1026
1027 903
1027 1025
1027 827
1027 829
1027 935
1026 1027
74 1027
1028 832
1028 893
1028 781
1028 783
1028 782
1028 767
1028 780
144 1028
146 1028
256 1028
1029 881
1029 1030
1029 782
1029 767
1029 852
1029 902
1029 889
1030 1029
53 1029
55 1029
86 1029
88 1029
91 1029
105 1029
516 1029
659 1029
1030 881
1030 1029
1029 1030
53 1030
55 1030
105 1030
516 1030
517 1030
659 1030
1031 783
1031 894
1031 770
3 1031
54 1031
87 1031
106 1031
119 1031
200 1031
389 1031
456 1031
530 1031
566 1031
568 1031
667 1031
281 1032
304 1032
698 1032
731 1032
772 1032
921 1032
1021 1032
314 1033
697 1033
746 1033
839 1033
304 1034
772 1034
921 1034
278 1035
814 1035
939 1035
1025 1035
1026 1035
29 1035
30 1035
136 1035
149 1035
162 1035
229 1035
230 1035
415 1035
416 1035
571 1035
613 1035
615 1035
294 1037
296 1037
711 1037
761 1037
180 1037
810 1041
283 1042
1043 1047
701 1044
835 1045
913 1045
378 1045
1046 1068
295 1046
296 1046
298 1046
299 1046
744 1046
835 1046
939 1046
32 1046
1043 1047
283 1047
296 1047
299 1047
725 1047
725 1047
726 1047
751 1047
917 1047
313 1048
863 1048
279 1050
306 1050
729 1050
887 1050
993 1050
51 1050
53 1050
99 1050
107 1050
264 1050
265 1050
397 1050
399 1050
490 1050
528 1050
291 1051
300 1051
706 1051
707 1051
754 1051
790 1051
810 1051
877 1051
943 1051
1018 1051
57 1051
95 1051
261 1051
261 1051
275 1051
277 1051
335 1051
336 1051
342 1051
344 1051
500 1051
520 1051
523 1051
310 1052
707 1052
811 1052
846 1052
876 1052
877 1052
929 1052
943 1052
949 1052
314 1053
838 1053
304 1054
709 1054
719 1054
768 1054
840 1054
840 1054
841 1054
36 1054
90 1054
91 1054
350 1054
369 1054
606 1054
746 1055
748 1055
723 1056
867 1056
723 1057
727 1057
738 1057
760 1057
829 1057
903 1057
1008 1057
1011 1057
35 1057
125 1057
127 1057
453 1057
559 1057
1058 1067
1067 1058
74 1058
753 1059
790 1059
800 1059
805 1059
828 1059
887 1059
936 1059
1024 1059
74 1059
93 1059
622 1059
284 1060
709 1060
827 1060
283 1061
715 1061
744 1061
785 1061
794 1061
800 1061
803 1061
912 1061
933 1061
1012 1061
588 1061
629 1061
630 1061
293 1062
316 1063
746 1063
778 1063
1026 1063
739 1064
744 1064
778 1064
817 1064
167 1064
542 1064
735 1065
755 1066
813 1066
1002 1066
448 1066
1067 1058
1058 1067
307 1067
317 1067
752 1067
755 1067
789 1067
790 1067
801 1067
851 1067
1002 1067
1012 1067
62 1067
407 1067
618 1067
1046 1068
296 1068
744 1068
939 1068
309 1069
706 1069
843 1069
844 1069
170 1070
223 1070
278 1071
280 1071
310 1071
743 1071
756 1071
757 1071
800 1071
1002 1071
74 1071
250 1071
363 1071
